948;7575
5011;8494
1573;1891
1777;4058
4672;9508
8486;7831
8563;4994
47;7104
680;6875
5259;1729
2341;7107
8082;814
9010;3774
1441;2349
2028;6809
8366;8982
7075;1571
6478;4964
4629;9360
767;1975
8733;9350
3868;9371
6617;3435
317;9185
4156;297
1790;1508
9005;4790
3974;3898
1516;2818
4165;2973
274;9908
97;5105
5990;9894
1986;4509
1928;7552
6178;9902
5021;3605
4647;592
1878;8675
6047;7223
7857;8550
5637;498
9668;7543
6867;8753
3520;9623
1776;1604
4000;6862
1829;4837
7353;5053
8094;6475
1968;5039
8637;5401
4779;8855
4028;4127
885;6004
1489;6381
4218;646
28;7448
6360;9814
6562;7016
5510;744
1534;3889
7552;7974
4826;9495
3169;7752
7377;9155
7312;3839
2542;6617
8581;9069
6950;6997
8555;6827
494;6704
716;8634
1299;5646
7591;2169
2651;5889
6224;1253
1622;8671
135;9472
5971;7866
5586;253
9859;9448
4142;5432
9157;1204
1660;1451
9645;9058
6739;7375
9811;9467
5642;528
2134;3619
4964;785
960;6433
3846;8195
2012;8960
1148;2867
2518;414
3582;3938
197;4700
6868;8544
1135;5735
242;6718
4948;7547
6117;8543
4537;4646
6633;514
935;3283
2352;9097
7444;7284
3930;6823
6511;8104
5457;8181
1543;1058
5883;6942
1732;1413
3268;9011
9999;189
52;7870
8240;357
5587;1071
134;3122
872;9405
9257;3744
1987;2907
273;8119
5899;9007
27;4863
1383;1597
7512;5520
8304;7293
5213;969
4914;8174
3822;3429
8525;5076
327;2475
6941;9250
9893;8674
1747;5846
780;6777
2656;7416
8448;3423
6187;2998
5541;2160
6233;7245
3735;9314
1601;448
2769;6298
4590;1133
8281;6105
5711;7246
5494;4000
7343;8183
2307;9213
8741;543
8561;3302
7437;9827
8879;5154
764;717
3920;8905
8431;2955
389;2274
3;9481
9677;3583
4320;8
526;5071
2378;2667
9207;4073
7566;4988
1495;2415
6417;7129
6812;684
7175;4761
8302;4244
4045;5287
6944;8357
35;2650
6970;354
1809;7290
6594;9488
8935;7638
8492;1205
688;5120
8749;4855
8382;2048
9773;4282
5563;2883
4285;1698
6827;6025
5094;6397
4177;2756
3632;3571
8870;798
4422;3626
9597;2845
4508;1754
6754;1380
1166;1711
8278;2063
379;7615
4150;9890
2491;821
5521;7173
5351;977
8755;8598
5384;6564
4859;6711
8614;2660
6170;3320
5469;4080
9826;3440
5385;5481
7440;4756
5994;9388
7206;9199
175;4514
9277;4749
246;5502
6634;6168
7096;7348
3149;3067
3426;5752
1808;4029
5215;4696
7511;9421
9453;6288
5051;1726
9281;4958
2969;8946
4966;3884
7644;202
4003;4231
947;8426
3987;2061
7614;9483
3831;444
229;5283
557;939
4878;800
1535;9307
1311;537
2954;2603
9818;5377
429;4035
4659;5750
6825;157
8315;8724
6281;8655
2981;9983
3057;1771
518;7180
2409;9256
4911;705
5744;1480
6713;2330
2721;5857
4037;6602
708;9231
1692;2191
7841;8092
6501;8741
8161;13
7425;5644
7838;81
8795;9480
8356;6648
3637;5610
880;363
1766;5374
4102;763
8301;7776
2366;8958
959;9686
4355;2569
4565;7068
5688;5989
988;8698
9036;9909
2585;8370
4380;8144
8153;6728
5819;7433
1240;3002
1009;6998
9764;9
8993;9178
8196;2912
1802;8075
5117;7988
1666;5186
7396;1334
7807;9991
7711;1764
2458;7418
6791;9850
6668;3449
2917;5935
8220;4223
5561;2597
8906;2699
431;2182
4432;2843
9738;3722
2143;8432
886;661
2837;2348
5960;1651
8083;556
5751;7343
4864;8956
7546;5688
8136;469
2038;9171
9516;9409
3544;4616
3167;3933
2050;1911
6876;176
46;8979
8480;8123
9344;3913
439;9441
6889;1304
1358;5809
6010;6829
9109;5055
6566;6668
9293;7767
5509;6182
3680;749
1470;4085
4151;3264
2439;4079
5096;6519
4937;9945
5760;5144
4105;7789
9188;1189
1430;3946
7535;6988
121;4237
2573;4685
8512;7562
980;6343
1042;8759
1742;7299
6444;5339
6407;9098
7307;5308
7904;3214
951;3362
2225;7634
2623;7732
2923;4203
39;6174
9007;2254
1456;5223
3995;951
639;5202
1788;1044
271;3416
3205;9419
2127;3918
9662;9012
5321;7029
2720;8200
2567;7765
6900;2681
6692;3988
4316;5510
8256;4313
5131;2037
499;309
3879;435
1045;9094
7636;238
1449;4138
4444;8527
5609;4822
9078;5656
4710;3134
1999;1290
1765;4941
5540;3778
5615;4374
8202;5725
1698;4851
6147;9620
5448;7599
4176;3833
3163;3147
5727;456
1757;7345
1559;225
3380;3751
5308;9093
5909;8810
4246;5593
7596;1363
3146;6049
5685;8757
7968;6867
4532;2381
5925;52
1385;1075
2809;2106
3701;7379
2581;7211
4735;4687
2785;8967
7446;1137
6030;8133
5861;2895
3062;135
6367;3495
4386;2668
7532;174
3368;6928
6670;8772
2234;9723
3824;617
5850;6295
7211;3527
1659;463
8533;95
3972;7442
6366;6020
7882;4250
4136;7807
8370;4750
9143;7825
1222;8331
3866;7399
6085;4293
915;8930
515;9876
2040;8451
4989;7355
9233;5673
7115;5426
3508;8205
895;1591
6691;6975
9016;1811
9153;2064
9966;9348
3939;6808
5487;5774
720;3868
7362;3477
6527;4470
6834;834
7104;5206
3606;9148
1605;6398
6070;4299
9550;8160
9286;8359
4379;6265
7747;4523
1500;8346
9955;2688
9553;350
2071;8452
2231;7887
3963;3313
7011;1636
1364;3045
4208;5695
277;4720
653;7071
6485;7527
8816;971
4141;5226
9697;3306
22;2347
7827;762
9777;7475
9311;591
5775;6309
1093;5684
4589;1037
4202;5031
1156;8395
3458;7971
5847;8446
9580;3861
8168;9103
1515;1840
933;6489
5714;1263
2249;1608
8424;3796
9822;8375
6940;8603
785;2364
5194;6549
6615;5026
9925;7252
2384;1095
5623;7684
7058;1959
9345;8430
3278;8989
4513;1181
5115;852
1246;9160
8510;2482
8640;7483
9159;9660
2613;6594
7582;3978
8417;5733
9916;737
24;2672
276;460
7624;5596
9653;2841
9294;8889
8942;7072
6200;317
4733;4708
8365;3595
1780;325
9025;3199
3470;7494
5794;9431
6872;9033
2089;4332
9566;7665
7213;5351
8440;7285
7575;78
740;6423
1177;9188
2564;1849
1036;9484
8653;7363
5374;2901
9612;4147
5209;3747
2713;4711
6924;616
1979;2316
2989;2088
1033;7967
5887;3866
20;3295
3608;8339
9614;9634
5225;6363
6356;4566
657;594
9066;8490
2175;6419
736;5887
6709;9826
7837;4264
5219;8581
9987;178
7178;1972
5047;8902
5281;7268
4155;9290
538;8852
8268;8447
3074;3072
768;2365
2628;7999
3926;8511
1800;7828
6989;6563
4295;3289
8017;8377
2199;3438
4381;2994
3229;5311
6322;7957
9767;569
95;3347
3263;3181
8159;1648
4207;3813
6403;7058
6333;5951
1556;8250
8152;6700
2197;7141
9734;7359
7092;3653
2533;3303
755;3048
107;1343
6660;2703
8045;635
2862;6169
4271;8031
2386;6986
9897;5421
1030;949
3656;2171
4661;7201
8719;1269
4085;9379
6129;9387
3793;4423
1296;5487
4188;4838
9313;7420
3257;5478
8671;5539
9167;6230
1582;8285
4278;759
6698;941
8362;5208
4070;9118
5110;1323
5482;6379
6843;2745
8015;5370
6053;6073
9198;979
8836;6079
381;9768
1883;2390
1176;1320
6662;4650
6958;9189
4094;8571
4205;4948
3955;3338
820;9567
7317;2814
9107;493
8388;9413
1427;7555
3630;6325
3794;6845
9340;9687
3519;8420
2142;1870
111;1570
6883;8340
2538;6256
7897;9081
8513;8744
4722;3636
6285;4464
7499;5244
6189;2277
1091;7291
1048;4298
7361;7242
1906;160
3200;2809
3358;7733
2960;2564
8882;6481
2435;945
5735;5641
8403;5128
8373;8495
7380;580
8203;9043
3531;6201
4492;767
5439;3725
8188;2533
8160;6121
3186;8940
1445;6257
7064;802
2077;5514
9915;2584
1241;3031
1779;2919
442;5500
82;6499
8393;8599
8974;3614
5603;5429
9119;5560
999;9702
7956;8718
5356;4716
2965;8538
8011;1416
6918;6428
4118;4534
9227;298
5126;2373
6850;2791
9339;4571
9308;6350
4998;7802
5796;1442
8264;2429
6853;6461
9904;7262
8129;7205
7370;4072
9343;3548
7027;5365
8693;6039
2083;3090
8566;8826
4619;9742
4563;4236
6361;7286
3021;8616
7093;406
3715;8644
6829;7698
2612;838
2327;2862
6748;1607
2911;9869
853;8505
907;6571
5893;6958
2654;3564
443;1578
2796;7705
5222;3368
3063;5698
1701;9051
3590;3152
8931;7948
9034;3381
5233;4921
1142;4391
6464;4417
5227;3560
2842;6113
7716;6672
7122;6270
7930;7900
7181;1362
4301;2458
6491;5628
4902;7412
9962;8299
5353;4911
8676;6787
4110;930
4398;9901
159;2387
3760;7850
7455;9795
5408;6091
4255;1892
2597;2395
8989;3975
4401;8043
7760;8694
450;2044
4033;8799
1103;7584
4395;110
4359;6739
1831;6056
1190;2723
7168;5259
621;80
2943;9867
6750;1634
2801;1372
9252;5312
1062;8734
3307;169
7151;6631
7286;6380
4781;9401
7735;9453
2301;9513
5533;4137
10;4567
6188;3968
719;4874
6559;822
2815;2808
8076;3390
3275;6447
7144;6368
681;2889
8553;4365
5559;3640
3045;9054
370;2982
6334;7859
4990;48
2550;4245
8599;6436
3460;2846
21;1560
7248;6893
6022;8240
9436;2962
8287;2201
570;784
7345;1978
1486;3299
7294;101
8464;970
2664;5051
9238;1352
3818;2943
7527;5271
2624;9244
3934;3696
8104;3749
7004;268
2106;2098
7929;4517
3322;3723
806;8992
4079;9338
6710;3055
1997;2657
2633;2836
1632;3014
2673;2281
6422;273
9683;7803
363;6277
6728;2333
2561;8969
9846;8290
8313;2625
8306;1742
1937;5134
2934;5403
533;5276
725;6218
4206;4989
8557;6473
8618;8919
5836;9573
3179;6915
3049;3961
3333;6837
3279;7388
4485;278
6052;6664
470;7357
5147;3488
7184;4779
1750;4149
260;9546
4216;9877
6796;4829
9860;9821
6537;3056
3855;9150
1709;8918
8652;2689
6542;401
1653;4906
183;4212
1485;9323
8475;2939
3099;6685
1929;7872
5515;6186
6712;9585
4866;8762
2478;1010
2996;5770
2959;912
8674;8045
4856;2185
5165;6980
4479;1065
7994;8622
8853;2929
427;2893
2743;5336
9626;3308
146;4579
2724;6465
1789;5879
9469;9361
3246;6376
2254;5254
5409;1984
8488;1271
2140;4227
1079;3755
8730;2080
968;3270
2555;5065
5890;468
5350;7026
7403;898
3168;7249
7866;6293
452;4827
6701;2478
6581;9907
3888;218
9074;5788
8478;9127
3253;1951
9598;8247
4376;1469
9721;4350
6997;9860
3183;5395
8073;7012
1998;6313
6176;4742
3994;8954
8285;6869
1822;694
8951;9235
717;7121
8091;9875
9203;3470
4373;8413
4212;3761
6740;1026
401;4033
3691;4782
574;153
5375;1784
4022;946
3761;5288
6477;1160
6424;5284
6676;5526
7035;6846
3674;1814
5177;8783
1507;4396
5016;7382
8193;9501
4323;6310
6314;2573
4470;9646
9762;9815
4319;6224
7622;857
3882;2340
8552;9642
4871;8466
5991;6282
7653;8633
1488;5302
6455;8555
5778;607
9296;6485
956;7212
834;3145
5488;288
2826;858
1975;3093
3711;3616
776;6059
7698;7632
1391;2385
89;1008
4671;9332
4318;6920
2116;9242
9823;9215
2049;6592
9619;4302
1405;2746
8138;3001
34;7692
2302;2534
8613;4057
7273;575
4729;8428
2680;5175
270;2081
1971;8818
7010;7496
3530;6426
6469;7210
2991;6963
9730;2665
4828;9486
7955;2107
1143;5129
5809;5565
1421;2930
4960;2519
5902;701
5524;252
1229;1945
8590;9375
8771;582
9290;3551
8769;3450
3459;6554
3184;7942
1038;8791
4172;9855
1375;4501
3107;1818
9272;8027
828;7294
5229;7593
2480;2611
745;2869
5167;1659
4823;7660
4528;9755
5216;4786
2299;1758
7054;3487
2080;4373
3541;2401
9336;8042
319;4247
332;9589
9474;2908
3532;9558
263;4322
616;4722
9320;1478
6982;8498
3834;5599
3900;4908
9578;5083
1796;3315
9657;3297
5590;7630
7825;2412
4596;7847
2373;7739
520;8230
663;6910
5300;9341
4129;6219
8644;9474
4552;8665
777;9167
9733;294
2333;7361
286;1957
3513;3734
8972;473
4480;8501
5139;2612
399;877
8432;4390
2290;2586
2222;4596
1855;6119
251;9859
4926;6622
1460;1431
1633;8069
9729;891
2997;6223
3156;4526
8289;8707
3357;3873
6983;3660
6248;4746
4134;2379
7169;6703
2092;9289
5333;523
3526;5971
5575;7784
2692;3027
2545;6784
961;3883
9863;2562
6753;4917
7561;755
4019;4663
9462;5285
4707;3342
672;3268
8126;1800
6046;2767
7197;1439
3314;7397
2267;1820
3550;6731
3947;659
9852;9899
1440;5227
9138;4151
2852;9640
6731;1148
6230;1276
7677;3762
1919;5484
9848;6120
9325;790
2560;2366
5737;8229
6770;2740
4932;4861
4057;1119
2121;2877
6592;3380
4139;1518
5263;9226
5205;1670
7053;6546
1346;9366
4612;9030
6595;9647
2655;8602
2094;6318
3973;8026
3989;7869
6803;281
6083;568
279;8261
5176;2451
8571;2489
3193;7447
4140;2190
2615;7276
8064;3109
7632;2283
5145;6682
8814;7928
8343;4176
9594;41
6347;6177
116;4279
888;1138
2208;8061
3607;2608
4805;7651
1487;393
3915;7950
4732;7675
2505;9169
5394;5645
4762;2427
3898;5152
192;6043
1417;5409
5052;5966
8905;6337
2277;675
6833;1341
4274;6899
3363;147
2646;9873
3371;7347
2218;844
4162;2840
3942;2299
8828;6647
4747;9839
6442;3219
4981;7005
1252;2195
9315;2223
8215;3594
7592;8808
6388;3857
5451;7159
1255;1939
6190;8878
7783;5058
5255;5994
9000;7955
5257;3576
2280;362
1158;3951
3777;7481
5230;9919
2023;2812
3836;4157
9640;1900
9442;4433
9222;1971
1238;3433
5927;9120
816;5029
2043;3304
4203;7652
6704;6467
6305;9316
487;8105
5719;4864
4950;5723
7082;3138
1003;7706
3722;5015
9694;7873
361;7473
9978;8185
119;6007
8199;8836
5291;4884
5218;9580
4799;9752
5552;8817
8950;6275
8450;5545
7309;6418
7402;4193
7766;921
7153;5171
5382;4164
2848;8149
5961;5964
5464;3392
7550;7098
8757;9426
5629;32
6019;5707
5298;1241
7935;1889
4309;3422
5008;9284
1355;4091
7025;9521
8390;9726
8966;3419
7145;938
638;809
9624;8222
1086;1741
2460;4114
3141;8729
7069;865
2990;7024
1838;1553
8118;74
5634;770
8604;7263
5108;3643
5663;4634
4898;815
1186;586
3597;9691
7942;8309
2999;8226
4092;1461
4984;6466
9331;8392
5123;7587
6440;8524
6252;7495
8146;4937
7526;1794
1920;9352
5724;6253
8732;2711
7559;4866
9565;9010
901;8481
7738;6834
3273;2977
2584;3231
372;1692
7089;3815
1970;7304
7724;6819
306;4122
4347;4519
1865;323
3733;4305
7851;7047
1899;9002
2361;2825
5234;5333
6851;6527
3262;8934
8225;7823
328;6680
1326;1610
6684;4592
7829;6095
9187;7518
6842;9692
9175;6876
9179;9023
9573;1533
5204;9404
8585;7482
2979;4876
3894;5974
4686;9980
5371;7492
1285;5821
6783;1847
3554;5150
294;2157
7494;545
1737;2817
1342;7405
9101;5103
5843;3318
6657;4378
6282;991
5514;7489
6174;5435
848;6015
7335;9385
8296;923
289;5400
5636;5033
939;1620
8335;4984
6632;6146
7630;2821
9936;5649
8194;1331
1403;2027
6350;9357
6419;4123
4946;2444
4666;2049
2669;5697
1892;9425
3809;1050
2614;3693
9832;1311
5019;4162
9899;7277
2002;3206
8169;2926
1344;9299
2214;9008
1138;8909
3342;2515
3324;7676
7629;9397
1566;6719
7055;2248
8009;1125
3555;4865
5289;2452
2901;6686
8048;5219
8592;4207
2993;6064
6294;9038
6896;6486
5655;7523
5976;7760
4777;1411
2588;5329
2279;3403
759;7576
6830;9900
461;7089
6778;4518
5907;7094
6714;6130
9276;7124
1680;3120
9098;3489
8273;4107
7691;8823
7221;8991
6981;6818
9911;5589
6682;6882
1944;4546
5641;4702
580;4424
6337;8208
6942;239
5924;6221
1830;8028
4896;5538
4577;9788
5903;1740
6746;5123
3634;5841
1025;293
5698;7801
1782;8798
3709;9298
1277;8738
8408;3522
3003;3689
532;8265
5081;3198
9620;7626
9;1199
1273;4321
53;9879
1578;5260
1956;4691
8573;5009
4605;9246
5513;4437
6086;8595
1541;7209
6932;5198
2709;1155
7998;3570
8968;9347
9910;862
8712;3352
7933;367
9147;950
2191;2713
549;465
9267;2960
3769;8669
3782;4103
2813;892
5038;8628
3924;3651
6984;8666
6646;8715
8354;1538
5088;6575
4367;3599
6213;5021
3221;6269
7782;8636
3743;1361
8752;114
475;8705
6695;2253
1201;2142
9714;2463
5312;1319
9055;1787
5035;7748
1764;8328
814;2810
6235;7044
6186;4041
1100;7995
4679;6608
9241;6117
4340;1588
9488;4061
771;3916
5340;6536
7196;1660
5048;4809
5647;96
1991;3211
1817;7892
5178;1992
7300;3672
444;9904
5169;450
1329;2225
4232;1209
4551;3781
9608;9197
5360;1925
199;4408
4522;1775
6817;3235
6273;9975
9259;3992
3053;9025
3121;6895
7259;3192
6157;8288
911;7895
8088;8242
8518;5985
3547;5537
4642;1452
4582;276
1110;4659
7761;422
8120;620
9402;9507
4138;5060
8925;5940
9562;8146
7459;2477
6568;9367
9095;3202
1021;250
4845;5310
9307;7516
4763;6210
8054;1773
1959;6984
7185;9399
6243;876
8422;5390
4389;7742
6107;2432
8957;547
5901;623
5030;5906
145;389
6871;3874
3649;957
529;8606
9707;2598
9229;3327
4331;889
1935;4524
7885;8206
8484;9505
2504;6842
6317;8816
5662;7662
7066;4316
2587;9838
8577;9953
2275;765
8607;5018
61;6495
9288;4482
9478;2337
5040;6243
1032;411
8944;1878
4517;2235
9748;9281
8051;9263
8788;8573
4808;182
2728;4757
3867;9473
100;1700
6602;2932
311;9986
1996;3682
9926;4862
5211;6870
7163;1400
9237;9181
8763;9806
6246;9597
1990;4442
669;3019
2295;3921
9686;7628
4674;9861
2596;6369
3932;2152
8216;1047
7606;8572
3086;959
2988;9711
6496;9117
2235;8871
8463;1164
3448;6585
1401;693
6468;4067
2014;2407
9166;1684
1352;9683
6245;5921
8538;1875
9834;2830
6608;29
6198;9343
3250;8866
2122;3792
7372;7771
4514;9927
1763;204
3244;3544
9549;4771
8035;2053
6344;6207
3048;5854
841;6705
8711;2921
7817;2594
1027;2462
3895;16
9872;4904
931;9828
9464;6476
8158;8901
2300;405
4726;7504
7222;8999
2971;2823
5947;3076
5709;4178
8731;3993
5068;8429
1925;5738
5687;100
9113;3818
9129;4256
7193;9331
7733;8803
7285;1327
8782;5552
8756;7455
9262;1265
3865;3569
868;5471
6508;6706
5082;7502
8078;2952
7198;2342
7356;5782
4493;5282
1497;606
7907;7819
1886;519
6042;4961
7287;9165
1088;5277
1576;1930
5911;4824
6903;8751
654;2917
6926;8141
355;7608
7571;1183
8363;8539
9922;3080
709;8672
2494;8015
6649;8249
6591;5306
3755;4356
2887;2149
4015;9721
769;9424
2886;440
8042;5834
6271;1709
7451;9679
2370;2323
4933;6030
9061;6477
3849;960
5455;2289
610;3836
9704;9781
739;704
5122;1054
8819;360
1840;8933
5132;3116
59;35
1016;6338
4;7606
7260;4110
9656;8010
308;8837
3413;9139
4463;9843
4448;1502
4192;8777
6208;1768
8780;3634
6072;663
9669;9914
2957;3752
1159;8014
1068;8735
4840;6126
5226;7682
7952;8019
6759;915
9323;9650
5670;6645
18;1880
7828;4740
9959;3032
9934;2890
1141;9380
4175;9761
676;9922
3100;7127
5742;1282
9951;455
9924;9202
5357;8579
9185;7689
5174;4675
1965;2041
7016;419
6652;2935
7456;8108
1251;8984
2604;7796
7549;4116
9547;6887
5502;1563
1658;2123
1618;6922
8377;8210
4863;1088
6045;2228
7412;9958
3789;2914
4072;2927
2949;1816
4579;3200
6286;2614
8960;5639
696;4060
2119;1498
2778;4718
3764;7465
9398;3763
5554;6355
8040;3834
268;2082
8103;6838
8567;5165
905;3294
2841;416
2463;2886
8231;6334
9008;1414
5855;6807
9135;3469
7247;8400
2322;491
9322;4562
8893;6713
3472;3931
1880;457
2861;4083
8977;8557
4734;3084
4694;696
1181;9075
3114;9864
6138;9897
953;9427
8200;7874
7722;9657
377;2601
7487;4503
2964;7721
8473;996
5112;6134
3477;3735
5570;7146
6140;9143
4420;1018
1761;7635
7340;4399
8863;3274
552;2010
5479;5436
344;7645
4997;639
1697;8137
4758;4161
1282;2981
3305;7710
2998;1069
9681;1345
2139;6395
752;8612
8437;3575
694;1896
1844;6471
8648;6002
3636;4902
5773;5399
9160;570
8543;8373
1812;1342
7186;6577
5248;3523
49;3623
8574;5508
7593;1525
6892;2833
6284;7113
8322;3578
7118;3610
2553;5179
4525;7337
7959;2446
2995;9770
9798;6659
6955;3737
485;8739
1722;5501
1639;1277
6493;5334
1837;1759
9468;5005
5577;1913
866;8122
6600;6371
9963;4730
3397;7189
9746;6456
1785;7896
6641;6051
7473;7680
9610;8802
8842;2992
4471;6092
7808;6329
8145;6173
2461;7341
2638;8410
3723;4194
3821;6740
284;4743
1382;8035
4885;6614
7770;6289
6696;8670
8975;9831
2031;2961
2184;2495
3315;5349
7570;8790
5657;6336
5993;8588
4716;4641
4023;8371
4988;3983
4811;9345
8435;75
5543;6247
8929;3758
1877;1938
6283;6609
1762;5341
4992;6229
9085;5722
4621;5073
8764;5153
1922;7520
863;3151
436;1015
5951;464
2818;1693
5898;2109
9782;5391
8534;8695
8702;5859
2873;9632
823;8560
2761;9996
3977;1384
4949;3160
208;5837
1151;5059
1019;1178
5320;2820
2000;3759
3956;8115
1686;2221
5566;9586
9507;8480
1616;9946
4128;1534
3556;3224
6686;6684
1447;5069
525;5627
4298;2555
9370;7541
2042;3562
1740;6553
9486;6019
1422;2834
595;3507
9265;5387
3123;836
4302;7610
4130;5389
4447;7037
2304;4836
1662;6886
48;5461
7393;8764
3142;2990
5077;6312
5003;1873
4211;1106
9195;1294
446;7120
373;9317
6439;5124
2611;4040
8150;8091
4453;4258
7015;2002
1160;4301
3129;5101
9073;3229
4385;9412
5109;9091
6858;8153
3455;3852
7056;453
7474;7437
9715;7138
6226;1566
2026;6180
4907;6880
7000;7656
398;5762
5995;5671
5745;1593
6726;565
433;4664
2103;8050
9455;4887
8245;4143
583;2541
5869;3629
1090;4966
8429;3788
2406;9330
3118;6749
7291;146
6707;8986
9749;5161
1577;4362
160;3193
3059;7813
2213;3167
8081;6977
2411;7041
5156;6405
9379;1191
3622;2964
4204;8254
261;4204
6875;4594
6043;9718
7126;5818
9571;6890
4978;3573
4327;6905
301;1229
6596;4951
2185;8013
3369;3639
1379;662
9209;725
2751;7534
5595;7423
6518;7762
6338;3646
1609;2192
4087;8815
258;4572
4718;9119
6255;772
6410;7171
7109;6060
4222;1908
2722;6565
1958;1701
4803;4205
8514;5201
3988;4699
9994;3937
6917;5188
7237;8884
8542;1012
7282;8640
9150;8424
5669;5820
2316;2074
9223;2676
9940;8335
8766;9961
4064;6322
9928;2983
3648;8668
9491;4611
3474;5462
5273;306
5103;3230
6098;2143
4683;4649
8033;6131
4234;2520
6474;5210
5997;3899
7326;4895
3132;8929
2563;1748
6569;4334
14;7834
4454;7840
3400;8057
5238;5749
4993;1158
4317;2226
3386;7569
2160;729
2834;7424
9243;2635
8817;4939
4873;6385
3839;5827
8134;8714
9555;6856
6810;8610
5854;6813
3457;1457
1860;6967
1118;5956
6113;6285
7030;6657
3948;7621
6886;8096
2443;2066
7083;9200
7284;4487
7012;1248
7502;4841
1894;71
750;400
6606;2422
2521;8271
7620;4896
2367;4689
1617;5901
7508;4536
4756;14
5304;6851
8967;6533
390;4419
1302;9267
7997;5559
5480;335
4251;8975
6588;4295
2821;7926
3034;9151
675;5576
5314;5862
1242;3404
7729;5195
8239;9676
587;7809
3463;9810
2096;3520
995;5931
7409;2707
7388;7351
5770;26
5690;5895
7515;3335
1704;1268
4315;7176
5302;9903
1280;3020
1897;1517
6847;9182
3289;9764
7483;4660
6526;4132
1376;9137
1390;5932
2900;2358
9245;5943
168;2692
9391;1621
1366;3939
8162;23
3580;1107
6574;2623
434;283
2456;8848
8372;5715
6401;2273
1082;4042
4636;2368
8223;3266
840;5330
5919;4856
409;577
9246;7508
8007;3932
5431;2141
80;4130
7909;3309
5873;2474
378;8533
9053;8051
1378;4508
7103;4230
7209;6850
9104;4291
3162;6346
8060;6514
1102;6006
7310;9763
3659;3789
9647;231
3111;5419
8006;8387
5551;5392
7934;1617
7423;3284
2380;3827
6412;5532
1305;8082
3194;8639
1645;5231
8999;158
8249;6551
8982;7531
64;7558
7288;9278
4641;4403
1236;9746
600;2621
7160;6040
1475;4810
9666;1056
8391;4089
6369;7858
2895;1766
2942;9378
4370;2266
2219;8676
1751;5635
734;3900
9581;2069
7397;5653
2966;5852
9731;5629
2627;3534
3684;271
3237;6115
9556;4893
1279;2934
4415;7320
9592;8418
3671;1858
3772;2717
7439;2835
8564;4867
2368;830
5813;721
6506;7456
9141;5701
1649;1162
8425;1462
2770;6307
4332;1470
8725;8275
7937;388
1786;4929
1404;8609
6589;1902
9458;4043
2274;9277
4893;8562
5825;6956
7191;8736
9772;9851
7768;1321
8364;3345
6303;7962
9395;4318
6197;1093
4876;8936
6648;1686
5683;60
4870;7352
5973;6448
5420;9610
6708;8437
4040;7174
9606;5664
5111;1206
4088;7059
6256;625
6630;9015
9429;7227
6789;1483
7751;375
7472;8899
2032;5536
4077;7289
5285;8406
1592;3417
7560;395
4585;2073
2481;6937
964;7976
3501;4739
8034;2085
8197;1228
198;4892
2424;6964
6363;1033
2784;4834
5084;2187
6911;7590
1984;4142
1162;9489
7931;4412
601;1964
4936;2956
7936;6437
9056;1803
8509;5856
6522;7912
1918;3022
1993;4717
3732;9663
8297;1795
6295;9420
9703;2424
3424;8839
9676;7461
6000;6493
1569;2464
2058;4269
3899;3194
9821;8323
6002;8047
376;258
8609;9808
3562;6989
8479;4931
3575;6339
8627;3731
6001;6598
8178;1719
9069;1694
4372;2548
6155;4140
8376;4564
5179;2375
3621;5466
84;5687
5867;1198
6059;1886
5606;5205
2041;7409
6673;9591
542;7980
2939;3999
7005;1863
1523;5353
6678;5753
1721;7244
5430;1793
5196;4736
1510;2696
8527;1649
1468;346
9652;8532
6300;8456
9287;7274
1115;3649
7136;4428
6860;1745
3533;6147
2583;1586
1896;827
2756;9619
2986;3498
4987;9195
5584;2140
9485;5410
3119;2754
9358;5795
9213;1238
1154;3929
602;454
7490;4760
6730;2405
5098;8354
2879;3321
6394;4018
8394;3754
9190;6409
8852;3371
6743;9596
170;8440
6733;4669
7612;8862
6404;7945
1087;5290
2455;2695
4413;7282
7590;7532
1813;199
9970;445
4618;9186
9123;4723
7950;4557
8414;8645
9045;6431
8716;9067
1574;5686
5369;9210
5730;7051
5928;824
6267;7203
8130;4407
4578;9541
9529;7783
9493;6460
5207;8653
1508;4494
9984;1474
2704;6576
1924;8228
6762;1612
6130;7225
1591;6544
3958;2708
3366;8460
1321;931
4055;6125
1105;2642
788;4694
9589;7918
1369;4729
9965;5670
4880;8462
3104;4538
4016;8139
5547;2093
7461;5659
5625;8534
3280;4101
296;5402
5630;1540
4597;555
4050;3909
5732;3867
6845;1983
3259;7640
4921;2576
8776;6732
3613;9373
1244;4857
6185;5291
8347;8001
1734;1856
8796;699
9100;3242
66;4439
1175;3597
2425;5981
1587;8955
1458;8838
8288;8708
4986;1546
7091;1733
1509;4676
8439;8847
9877;7864
9684;4631
4928;7965
2464;6078
9752;6607
8777;7260
1589;9817
3390;525
7662;8079
6758;6689
3240;5279
5441;2014
1528;7891
4356;3043
6578;5995
4186;1120
9051;4306
2324;9046
7436;6417
6856;5583
7410;5996
7895;2070
6904;5736
9519;9460
9284;1086
8787;9840
6541;5810
1134;8332
783;3667
6534;3974
9139;4839
7159;7386
9454;7837
9810;6194
8371;9654
3350;3514
8112;7085
8122;4375
3033;3705
1565;7233
7348;7102
491;5028
7518;7939
620;8411
2148;9179
221;286
509;6487
6831;8471
7333;190
8649;9988
1947;2593
9047;2589
6751;5910
5089;5267
3799;8732
8901;257
2159;2008
3076;2902
4699;3780
5549;9920
4796;3182
1347;5934
9021;3994
904;2556
6411;6047
568;8941
1613;2514
7497;724
367;3505
5710;2662
3943;773
5197;5147
5548;6505
6290;8121
8397;3958
2945;3310
2472;5732
6922;1390
7794;9645
7365;5442
9120;753
8645;2155
8779;1027
3013;3947
6735;8009
1263;1360
7349;4262
3362;8419
1681;1569
4406;9394
8792;9369
6533;1928
2428;6303
3851;6741
5937;4012
2525;8912
3191;1547
753;8039
3098;6362
180;6103
6993;2732
7028;4358
1046;205
9618;3165
1729;3035
9678;9750
3486;8164
3188;116
5747;2799
4740;3876
8443;7079
7400;7772
7131;7909
112;5347
9270;4366
5826;2580
5550;4568
6015;1850
3088;7657
9728;6422
4753;7318
6694;4393
6873;8845
4778;1514
2137;8007
6253;7139
3026;7857
5616;5016
6776;4246
2645;3820
1127;887
1867;9449
2391;3158
9116;6029
2336;8396
5398;92
7771;9191
2226;8318
8833;7691
8072;2219
5297;5830
9368;4276
114;7444
9969;73
4836;322
3092;3042
6957;5808
2210;4777
2517;4791
425;1576
5203;8811
2710;7040
9471;4630
5445;2433
9180;5437
2007;8158
7588;8875
5943;94
9593;598
9327;4668
7509;8292
3746;3914
4818;8529
1849;647
6642;907
5343;4326
6577;396
6953;3244
7224;5332
6392;5740
9989;1657
9786;9727
3517;6401
6967;8273
8031;5714
2753;6480
975;6753
2215;1200
6486;6348
123;4050
4544;1132
4519;7421
9255;998
2146;259
8700;4521
6893;500
9443;7428
5649;6715
2531;4309
6901;333
7469;4549
9993;1491
5090;6012
1599;6031
9781;7797
4529;7984
226;2575
4539;8231
6538;7886
1754;5338
5884;8089
4170;97
4083;391
9582;4556
6666;3785
1418;2729
2045;7580
2894;2881
1171;9142
122;4065
1219;2879
813;4160
2740;7453
8277;7088
9599;6800
6191;3559
3683;7407
6438;5233
234;5483
1340;3258
337;7283
1351;8525
6223;9866
2017;4444
1859;7572
1094;6760
1657;4912
1771;1899
2227;640
8839;4547
7642;3240
4250;7238
3037;6583
760;9204
9725;3515
1123;111
4731;9542
7767;5775
7123;6356
730;9050
9797;1021
3050;7566
4662;1368
6797;2669
236;6491
593;9949
8897;944
6722;7360
9048;3397
32;691
800;3584
7581;2327
6014;2671
7646;5727
7261;9942
8636;6799
2260;6378
962;2153
266;1051
1286;507
3356;1954
3420;1438
2382;2087
9428;4328
5323;1833
7680;3253
3840;6452
7790;5896
8664;5000
9792;387
3657;3475
1371;6304
120;7087
5125;2697
8186;5221
8703;1947
3696;8513
3712;8795
6767;7515
1429;3691
7434;1100
2011;7936
7705;4672
9392;6266
9492;4925
6328;7633
2221;2396
300;2944
4696;987
7293;2312
2898;358
9426;4657
290;9237
9068;3920
9126;4950
2536;6211
1467;2718
1994;1555
2078;3248
7910;410
1394;5737
6104;7785
2762;966
4947;8760
1881;6240
3433;4216
9632;5527
722;527
9305;9577
7205;4595
5121;2980
1512;8630
4963;6573
8100;5187
9438;1053
4559;426
8608;7528
307;6280
1825;4656
5049;9805
9334;4071
6023;6178
3785;4661
219;9883
7842;2807
2932;1914
8337;1482
7599;8617
1851;7747
9536;1974
9013;1948
1907;91
8127;7564
2353;1295
8139;5451
5568;5853
4882;7425
3957;5764
4516;1757
1380;3210
3054;683
1416;1770
8673;3379
1439;3503
2508;5038
5072;6498
9449;8453
9390;846
4226;6427
2345;2776
4152;6033
656;8962
546;9527
2845;4796
3058;4233
566;1710
2479;6335
7350;9682
2797;2096
5545;2324
7299;936
1097;3058
3467;6474
2926;4772
9161;854
3935;8112
339;505
4583;601
9168;2345
1040;6184
8813;9601
7520;5468
7862;290
938;5713
7195;2227
9399;7603
6977;7617
1978;7992
8260;5369
4692;8434
6802;7618
9986;2317
8222;7073
545;2197
9201;8002
1567;1556
1026;4956
211;5944
6183;408
3747;1809
8591;5280
3600;4872
6131;6333
6;8330
618;3838
4210;2439
7007;1685
2637;2837
1307;1906
9775;2132
9698;7966
6777;8486
2247;8441
8569;7799
5782;1055
6570;9974
9561;4218
2450;9506
6359;1943
6051;7033
4572;8270
7496;4038
5764;7983
354;9555
7392;4294
2434;4186
3830;8841
1350;5918
624;5017
7610;143
1728;2220
3706;3140
9642;3259
1901;7438
3773;2691
9108;1208
8461;597
8123;3719
6610;7578
8890;5516
3962;1443
5797;4400
3646;7810
796;7674
7346;5734
1707;7236
7754;3743
5443;8604
7813;3504
8582;706
8319;1316
6056;649
1957;1804
3431;9979
2716;7991
8182;7052
699;5043
4265;7184
1941;9733
7703;2146
7155;3940
2703;4196
7648;3816
4375;4394
1195;9627
7319;5196
6448;4158
5802;3196
4219;3809
6287;3848
3136;7264
1807;37
6231;1736
8080;4172
1031;3288
3565;9447
4330;9595
2540;5892
2980;4731
9957;432
5531;2296
3754;2148
1412;4022
2133;6649
4955;3748
5045;6181
2696;3154
5337;1688
8201;7877
5777;1872
90;7280
9806;8074
2694;5203
2240;9583
1202;579
5768;6111
1749;6096
5689;2189
6206;3028
3923;1401
4283;9135
5697;7117
1949;3424
4163;6548
2088;8517
1938;5191
1075;2336
6240;5993
4980;355
2487;7923
6732;1278
5811;8632
5967;7649
2493;965
5645;499
7476;841
1071;201
2777;8988
3996;3169
2906;3824
2107;8356
7071;1713
7536;3659
465;6599
6135;6281
6177;8506
4457;9617
6116;5183
8624;1599
4061;2441
287;2794
7257;230
2330;9059
5527;5574
607;8722
8318;613
3983;952
8704;2928
9949;3087
5120;3853
6094;3517
8399;1603
3905;9365
9685;4135
2662;1417
4549;9319
8596;9493
839;5174
7332;3421
9538;9530
5881;7815
4688;6080
8980;735
7442;5522
1267;1315
6535;1530
2198;4680
7059;3864
1397;7982
3173;5405
6005;886
3786;7308
758;3519
3182;9205
2418;6208
7906;7140
7065;8011
1387;2570
9497;5744
7387;55
2582;5482
3077;8565
3951;587
6173;7169
7589;9811
4171;7746
2181;8170
2640;27
2021;8399
5183;5922
5674;5441
578;141
6627;331
8976;7296
8617;1751
9196;339
5166;93
1621;6673
456;4655
2100;9445
9182;5595
9452;3666
1514;6625
6839;4798
8367;549
4194;3981
2828;6550
2871;8083
1047;3538
3047;6188
2739;7788
2285;3286
5799;7973
5913;6421
1145;4652
6665;6094
1835;2951
661;1542
9148;113
1976;4406
6108;1489
3635;8774
4754;3179
6779;2596
6275;3085
3337;4916
8911;7701
5185;4339
1012;5097
4167;3104
2652;3683
5852;7155
6299;6065
4227;4846
6973;4239
8128;1788
4100;3707
8789;9715
3345;7902
2413;637
9514;1643
6705;8850
9727;956
5146;7108
854;8959
9791;4455
9761;5030
5546;1126
6939;7655
8342;5269
8883;3647
7376;3314
2660;948
4414;6110
6133;1302
547;8212
7457;8827
4132;136
6663;9512
8784;4891
1624;2154
3220;9035
4483;6081
1767;1979
5286;866
1306;8152
6655;9172
779;8891
4576;4978
9540;8246
6341;9846
2702;7287
9953;522
9403;370
5970;5580
8886;3630
7980;6744
5007;123
1001;8853
3430;702
3852;8536
8970;961
684;8756
8412;1504
687;5497
8321;7266
548;1949
1233;4
3933;9209
3451;6773
2381;9377
3372;1365
4499;447
9330;5657
7871;9842
7757;2587
3346;3070
417;817
2899;8127
5406;1499
3274;3252
3464;1072
6863;3137
5989;1855
7877;8431
5484;2480
8634;7968
4608;4259
6968;5800
153;8647
874;8384
5377;6671
7146;5558
4643;310
893;6464
766;4764
6499;4769
2782;1806
3006;5470
164;5745
7254;1744
9960;4593
827;4047
5266;2052
4832;1298
7279;1166
4497;2664
9312;8260
1125;3178
7;8236
3862;478
9355;3311
718;7677
9461;4665
2360;9173
6384;3881
3410;4590
4587;6747
4017;900
6237;374
5172;5479
3499;8101
1310;5984
6150;1392
7466;3265
67;2979
2086;1407
8728;1216
4852;1492
7468;9893
7598;7396
8682;4027
1359;2871
200;8148
4922;6570
2459;1598
9840;7718
4059;1218
7359;5955
2946;5006
7832;256
2497;9965
5783;3227
7638;2320
3382;4840
1845;5519
9387;8408
9858;5979
9551;5445
8309;4635
2003;459
9717;1786
946;131
2754;1662
9903;8570
3780;177
2388;9066
4600;9283
4107;5146
33;5942
7787;6600
7341;2071
9508;510
4560;7671
4616;8785
3361;5890
4349;2046
4548;8578
6637;4552
2446;209
7954;7013
6792;940
1212;9584
364;5899
992;745
1315;9322
6148;8107
9044;6067
3727;6390
7661;3698
3964;5724
591;6734
2817;1396
3095;1614
9845;8773
2853;7820
1927;6709
6375;8883
5748;7540
8037;5616
1619;9240
2241;9429
4014;5945
5787;3228
2033;6164
4187;6458
3018;4248
2546;8497
7516;9847
5001;3491
9522;203
5635;5660
6340;4411
7992;557
8248;1180
614;6678
1431;8831
1248;5998
3012;1000
3302;8179
3708;7378
3567;9014
867;5422
5327;7019
8657;7745
5184;7250
8922;5826
1655;8499
7993;4480
1004;4367
2284;8673
5362;1799
1381;9671
1876;6923
1819;2815
864;8017
2171;7667
375;3017
1972;7168
4917;295
1061;7491
7911;6960
2117;6377
2005;3331
4581;9776
4426;479
4445;4017
8666;5767
338;2230
2535;5850
9552;3632
4268;6801
2355;3589
8856;4490
878;5057
5423;4774
3536;652
254;703
1832;847
5042;5625
2187;5498
9191;2411
741;7845
7899;5755
3584;2602
8559;612
6960;541
9411;128
2;4173
6261;4329
889;7017
5696;6676
1610;6945
9208;6153
5640;3074
51;9966
8861;9229
7438;4992
7432;4284
6800;2963
5503;351
5440;7445
68;418
7164;2022
9199;6941
5580;6710
8481;1676
8340;7624
3301;8469
9718;9285
8401;9036
6718;5295
1155;4202
7658;8528
5130;2104
5264;7383
7858;8097
9079;5253
9144;3016
7719;425
7167;7535
9338;3872
5713;5544
8312;8564
9857;5928
2129;9528
1858;9342
521;7688
3067;6502
3650;34
8655;8302
9263;8029
3481;8923
9973;5488
4053;9560
2699;1418
6203;8535
2657;9563
6819;3445
7902;1721
1451;9355
217;8721
8163;9732
1491;6520
8896;5340
902;9590
644;8661
9427;3135
4752;7846
4434;1665
1525;2470
6622;1611
870;4069
7814;1285
9494;6084
25;689
8404;8385
1555;2750
2098;875
2008;3180
5462;2716
467;6284
6172;313
791;8951
7258;5604
4709;2440
4940;3356
4774;1116
609;6354
4198;7039
7894;2476
4611;6814
7084;2231
6550;5491
3496;3904
3354;5314
6110;9760
4365;9040
1453;553
4397;2630
6026;9604
194;7336
2512;9457
3484;546
1630;6936
3137;4511
3248;1631
1973;8474
6459;3633
1797;4686
524;1175
9498;7620
347;1897
7351;9622
7696;4608
903;2131
2109;2409
695;4825
2325;8277
3170;5164
204;7861
8241;2905
2822;9816
3070;3957
2530;1484
1332;3510
6033;4535
5519;3684
807;2563
8677;228
2690;1720
162;8455
4335;2193
774;8459
5841;7214
1827;1822
1257;7220
6336;8073
6123;9557
70;6352
2527;9535
1905;8023
5104;5125
5317;1091
9502;4319
2833;8072
3808;8114
4221;572
7924;6559
2262;8367
5198;7570
701;7835
9435;9911
6222;7422
3673;8895
2776;2159
3319;8126
1304;3949
5025;7305
7764;9630
9197;1013
92;5222
5844;7131
6576;2517
9407;4003
9607;277
2714;7477
3698;4725
8125;622
6132;9455
671;9497
1888;4260
2902;2822
1544;1156
1455;4310
590;7581
9722;4752
3960;3676
7645;7122
9706;5773
3682;9389
9825;9758
8267;2780
1054;3518
3066;1185
5755;9039
3081;4372
7772;2267
1357;1550
3442;6192
55;2749
5750;3190
2544;8427
302;9533
3991;3216
6163;5691
3677;340
6276;6003
2332;6513
3507;336
5588;1291
929;7321
4713;3245
7488;1079
9968;338
7769;8765
6516;1823
3052;3455
4474;2101
8266;3588
2921;3644
4924;2496
1611;4036
3861;7217
7855;5072
647;9870
6277;1245
7674;4167
2940;3903
927;6543
44;2371
2511;6826
2265;8788
8536;2237
6320;6972
8291;7778
7891;5952
1410;8336
8474;8994
2590;4905
9956;5407
5954;5655
8943;9494
7948;2709
6399;431
477;2649
2641;4136
6605;7278
9534;2426
674;1140
3829;8786
2202;9464
6948;3479
396;4633
4705;6122
6035;5089
8840;4015
1443;611
8000;3850
8675;4828
8339;6999
5702;8218
7843;3609
7129;2127
9006;8202
4267;1917
8230;835
6656;1134
7712;8361
4795;1153
8385;4340
2759;3340
6152;7768
4020;665
1308;1041
2806;7646
10000;1756
9787;7600
8526;8293
510;515
1871;9126
2423;4574
7036;9771
2383;9664
3975;8766
6075;1242
9484;8987
1887;2560
3402;4078
2883;392
8826;4488
1128;7464
2186;7179
3845;45
3437;2425
5401;4222
7094;6897
3779;6357
4897;3041
6734;7100
6724;2655
7742;1562
5601;1539
3479;4847
2938;1094
9054;2260
6292;2509
2599;4087
5210;4377
5292;356
7969;2738
6716;8116
2200;6234
556;6757
5295;5117
3965;4728
7352;9358
4063;5557
1804;3542
4530;5938
2941;5553
4173;4225
4509;8553
4391;3791
7529;2644
6463;7663
1527;5975
3856;487
6811;2129
1643;2607
6229;2606
3564;4338
3740;6129
8689;8726
1736;2894
438;9539
5872;2076
5100;9917
3449;1589
4562;3086
9690;5359
7925;559
1547;1364
1932;2904
9106;9245
1165;9797
8462;8514
6631;4267
3435;3157
9880;8931
7627;1450
9244;9272
4858;2551
5444;1129
3545;83
1952;4582
4306;8973
6813;5672
6017;2250
5708;6118
5245;6286
5315;2591
8862;4525
6335;3966
5857;9115
646;12
5929;9999
8454;8867
8558;6400
9837;7364
8606;8997
5354;6364
6175;7384
7634;6052
2170;4897
8345;4780
5402;8251
3217;5162
6362;2183
9674;2537
3678;8983
4220;3015
7576;2062
8433;641
3525;140
2811;9807
9221;8099
4388;6011
6719;3739
7316;8742
2617;6478
5885;1529
31;3478
1210;3775
4610;9006
8490;5431
4500;4835
8579;6053
5956;9892
8330;3010
4617;6635
2878;5661
512;1679
5816;4180
2618;720
3222;670
4877;5618
9155;4187
2889;4859
5631;4401
2331;6258
1841;1894
351;1280
9670;2030
2108;6150
9927;8056
4614;4626
2607;2605
2496;3232
3767;932
3566;4115
5498;1035
6963;6904
9365;4612
7323;8944
3969;1580
683;7690
4157;9693
5489;9784
6343;3346
5968;3451
295;5937
6721;687
1710;6968
4773;9313
8686;6292
6654;8021
534;6692
2983;4751
8647;9998
2877;7821
343;7790
7003;329
8445;5692
9864;4980
5920;4454
2297;5941
8005;7160
1059;3385
462;6833
2126;8768
4095;7229
99;3794
1774;4472
9796;3101
7984;427
4916;3279
503;5569
5822;6860
4834;2819
2371;1487
2819;5443
3407;544
1353;6414
8508;3831
486;398
5171;7841
9814;7231
3254;9129
7574;5372
7013;3936
9248;3773
8409;1683
5020;8779
5807;8600
4771;9414
1634;3094
6624;7036
3791;5200
1585;8712
5651;287
1669;3540
1409;4099
3032;1846
8866;5355
8238;6058
4230;3670
858;2494
8357;6468
3966;9354
5274;9280
6423;300
5188;9286
8758;314
3271;8287
451;4059
6785;6674
8631;4688
2741;3928
8898;8924
2831;6175
9374;1309
45;685
3811;7922
8292;2910
1073;7053
8806;8679
8535;2211
6961;4076
5370;9140
4117;1177
4905;8394
4046;5977
772;7413
6747;5450
4308;217
5058;2115
4145;7574
7940;1590
7390;8577
5192;7827
9495;7770
5728;7008
1542;4113
8351;9459
1628;853
3651;5386
2653;642
7408;9886
4403;6142
8775;9370
2836;5606
6947;6021
6165;756
9303;6179
4231;4692
9833;2643
9813;7110
1268;3795
1511;7812
4462;64
2079;4277
5678;9492
9644;6089
4339;6927
9898;778
7580;3840
7816;1077
8242;7889
9031;9408
3699;8253
8442;9261
7892;5406
4912;9450
16;4492
5062;7153
8620;3005
1506;3207
7784;175
3130;9463
3327;5110
7522;9534
7165;1397
407;1297
6196;8404
4627;1915
8252;3382
3140;7196
1490;7235
8207;7647
6258;4670
8973;2571
4918;1299
7127;2811
9783;3407
1921;152
705;5550
1636;7350
1183;1523
6599;1387
2206;5799
7329;4447
4299;4797
1824;9944
2711;4213
1312;1969
3075;2549
8987;2777
3197;307
1197;7914
8603;7006
1432;9749
2684;7952
4658;6898
3204;5719
2621;4705
7528;6155
9587;6450
5571;38
7836;9423
272;6724
5091;8966
1435;8771
4181;5924
1324;9993
1096;5331
6115;8752
7900;6512
3847;6101
2232;1990
9732;2771
8656;8209
1066;8458
7429;9720
6432;3851
837;517
2529;7170
9785;885
2062;1595
7166;7764
559;1402
4247;4336
75;3811
3726;1883
9070;3004
1595;5344
88;1778
2447;7685
2610;573
1395;8053
9521;6055
582;1092
5278;3526
2976;880
9064;302
4011;8965
6816;1476
5842;7853
3783;4812
7819;5404
9206;678
8804;4801
5908;4558
3835;8289
1289;8065
3504;9092
5380;8727
9040;6443
8154;6712
63;8728
3751;3545
8348;8436
7773;5665
1200;3733
7863;8683
3993;2000
5483;6908
7236;9658
5426;2455
6058;6788
1848;2399
797;1921
6260;873
5934;9161
3113;6530
2020;1646
1539;4972
6891;4709
4742;6144
7547;2186
6567;8840
1967;4449
9405;8198
4341;1987
2764;666
9404;2275
9635;2700
9692;1369
3429;6154
8706;4134
5749;6786
2433;4370
5736;6642
2150;8444
1615;2388
5665;9291
5858;9085
9979;8225
1966;4532
884;4235
7301;6973
3216;2806
6291;2993
1795;2619
172;8207
1857;1030
8820;9783
6044;825
2305;1905
2579;7226
4405;746
2362;488
1545;5459
6528;3238
6259;8216
8921;4252
9351;2176
1960;4944
8698;2383
495;9587
871;917
2631;4379
3008;8443
8498;8761
4074;6542
6640;7374
6210;5609
5680;1830
4238;4954
480;7843
9316;840
2398;4434
2838;2099
9216;8383
3982;7078
6621;3018
5812;61
757;6624
7281;3003
9481;407
5835;5626
662;674
6099;3360
1058;804
1437;3448
6146;6806
7537;8963
7688;7239
2102;8700
2067;8872
6105;4811
6679;1481
1603;3685
1010;8784
5470;2863
3073;910
1442;5133
4839;7144
7896;4643
201;864
5334;673
6882;7333
2963;9116
1367;5455
7656;5458
8667;7325
7987;5587
203;3688
1262;4776
3387;3471
9636;5352
1893;6656
1174;6062
9744;4323
8316;1760
5871;8804
227;5605
7600;5368
9002;5307
9253;1381
3578;1303
7883;8523
4073;7609
6436;3472
8908;1454
1869;7402
5821;6528
9513;79
2237;2763
8018;1029
2377;7791
5237;5261
5161;4952
6895;163
1272;4644
9063;7998
8061;4037
393;4271
3011;9349
9341;9880
7327;1102
6357;3426
9874;3859
3330;5126
1434;9114
3405;8062
1428;1783
8314;7010
7785;3452
5107;7202
3331;9798
322;1252
1778;8076
5639;4361
36;2857
5116;6228
403;8298
3412;8129
928;5145
4240;9184
1913;5467
9876;6803
8983;3162
2465;8584
917;2710
248;8580
423;188
7880;9087
4026;8861
8838;9913
8550;3669
1234;7404
579;315
1690;7234
4703;8252
4437;8018
5365;1011
742;4039
7517;3047
6861;7964
264;373
1323;7224
3108;2582
1557;3255
9332;5293
8665;3956
2310;9553
5064;1918
9862;9384
315;9104
8753;8657
1014;1028
7681;2208
133;5668
726;3637
8516;3350
9416;4599
7177;7064
5532;916
7505;2391
454;9095
7957;8322
2616;5052
603;8352
5523;2150
6988;8421
7788;2988
9935;8778
9913;6212
4487;9254
8660;6952
949;5504
235;5035
5193;8372
6557;5999
5086;8407
4311;1882
3913;1946
6143;3756
2194;5777
9043;1763
4850;5803
174;9170
8687;7259
5280;2300
9422;9734
4387;3077
3725;9603
4738;7472
1711;8219
98;4850
9479;581
4588;2510
5752;1215
3338;3383
6389;5511
6583;927
1847;6470
1550;1110
126;7648
1537;4817
7378;6558
1805;8740
3374;8391
514;855
5055;4561
5831;8157
9353;1805
6393;8343
2105;1034
5974;4261
5565;4762
4119;8301
3716;6888
1725;8196
916;7143
1232;8981
4968;3123
972;8894
8575;672
9084;531
9348;4983
3653;7670
1316;8366
148;5358
7744;4032
5905;6237
8360;4614
1679;1737
285;4609
3148;5679
3454;8193
7697;9469
724;7032
3878;7228
2427;2513
585;1961
6688;1843
4478;7754
5405;2018
8381;5473
1187;4124
4049;7604
829;8161
4467;8796
7216;5243
441;2909
2929;2512
1129;4597
8046;4286
6061;677
421;1141
6962;8130
4115;2950
748;6538
9909;3161
5876;8381
5252;366
3473;3149
710;7498
8175;7471
4009;5490
3438;1112
3326;4210
8453;3121
1635;2466
7245;8463
3080;513
9724;2984
4286;7197
2273;5246
8251;4576
3391;1666
8218;2359
127;7
4371;9153
411;5476
632;8024
8661;8081
8491;4703
8744;8016
163;5218
56;5361
445;4580
9421;3987
1334;5064
1568;9478
7774;9123
7046;1898
8742;8520
1969;760
784;7328
8307;3124
1459;1082
5877;5642
8694;8025
4520;8596
818;7623
4736;8487
8962;4387
9394;7538
832;6906
6623;3539
7603;1270
6456;4880
2112;5345
5325;9779
4702;5624
4185;3565
9278;4915
5942;2743
5275;8176
6092;3414
2069;7940
743;5958
5017;7653
6894;3278
8910;5010
2572;2465
4737;1366
2334;4495
522;5155
2180;1020
7386;4145
519;4097
3384;2995
1193;4452
8269;3972
9906;5786
3807;6670
608;818
668;6365
173;5962
8936;7730
8643;7658
281;2209
4264;3671
1517;5915
792;3317
2404;2663
9022;9326
4104;9766
6011;1078
5006;5142
6928;5230
1424;2972
2523;8255
4883;2772
3046;4485
9528;3171
630;1283
996;3298
8623;6885
9152;5983
4602;7536
9125;7775
9710;869
3954;3223
6038;6196
8587;4997
1873;3716
62;7161
2451;6459
5359;7514
310;5042
2396;3533
7202;9482
1116;412
1549;7164
5703;2516
2124;7893
942;3513
7272;584
6364;5485
8720;4919
8311;2354
8476;4094
8549;8286
7405;5927
5660;4415
7052;8874
7594;6864
9186;3065
8257;8546
9076;8386
3766;8711
1461;5420
2144;3681
1705;5225
5658;1637
4266;2378
6301;6262
3872;4899
7074;1765
6515;811
5846;6372
8938;1703
4282;3026
714;6149
6168;4317
3588;5137
957;1188
2015;9364
2114;8194
3721;3060
8418;997
8166;6314
2081;1535
4235;8262
8726;975
1954;138
4418;8020
8546;5905
852;1042
2072;727
1448;5354
8981;9714
7491;2585
5352;2321
1602;5414
8004;6746
4475;4238
2016;3892
6548;6326
6881;1963
4495;1968
7189;8342
3941;2733
4382;9989
7700;7095
5168;9631
9093;2042
9933;6445
3700;2785
8996;4768
2489;9466
9523;3862
6529;6497
6048;1273
2835;7166
2207;777
4794;8190
3775;8947
7244;1473
5148;2362
2650;6653
6028;3870
4872;8120
2054;4077
4312;3700
7749;3395
2514;2864
1856;2783
9603;7811
9688;8215
6269;4628
9831;3726
3201;6661
1608;3247
1362;3189
1144;3378
9896;5172
9789;6633
1631;2731
1720;7257
9410;5138
7710;4016
6841;5232
9349;9651
1912;3701
9413;9487
1220;9241
2405;4342
2166;6637
5349;3275
6421;3131
157;3102
1398;8040
1161;181
362;1131
9689;6028
9099;6848
8750;851
8167;6795
5335;8607
9659;6613
7752;3837
8349;4214
2085;7822
9650;4932
4052;2384
9480;9328
1642;3078
2252;2975
5996;6215
9709;9049
3999;5464
6068;1839
5578;2339
2577;2760
5815;2483
3320;77
7966;9437
897;8324
3007;5581
4258;8583
5092;8084
4354;1296
3889;4848
3024;2946
8734;988
9672;3349
979;3665
5328;554
9357;2257
8871;5381
7060;4683
3891;3530
5475;5393
11;224
5436;5416
535;1163
7391;6771
2503;7641
5508;4539
1396;4357
5080;6036
7540;7839
9919;9675
4501;7529
8790;6226
6521;1349
5407;3329
5411;282
7701;624
682;6944
9675;3706
2073;3454
8565;9125
5686;9915
9982;1772
3832;6650
4787;1747
9920;2788
6775;2706
700;5875
8280;3324
7962;2133
3577;4636
501;7057
3618;3021
2592;3112
1384;8351
6555;2538
4635;7522
4182;5274
6084;386
4199;8085
7364;967
1157;5667
9591;1790
4504;6411
1374;4515
6737;6566
631;7358
6544;9935
8849;1324
4976;2540
6154;7986
9236;7723
973;275
9711;1993
6136;1258
7019;9661
3284;5325
5762;6291
7493;7281
4269;9592
7111;1871
7964;2363
984;5472
6869;3911
9457;9830
5381;2105
703;7112
7821;7757
7394;9895
8941;7463
6145;9818
4125;7415
7219;9790
140;6200
7970;634
9482;5494
6937;6987
413;6831
4815;6273
7097;3038
9530;9536
9115;3709
7965;7643
4931;8345
6270;1286
2246;6507
5829;3307
7500;9386
8282;9614
384;7248
1084;503
9261;9422
3568;4844
7887;1428
8659;4804
9137;2468
6927;1103
5421;1981
3980;614
1169;8952
1377;6046
404;235
3523;1113
6772;409
5594;7134
2775;6930
2245;5189
2024;3620
4123;1016
8298;4889
7579;3655
3450;5337
3874;6133
2097;6717
8271;9475
4681;5793
6523;9684
9510;5741
3688;4119
5053;489
8588;9080
9590;2161
3014;6545
3051;820
1119;8663
9158;6926
8217;3148
4965;8649
2717;476
1044;3437
4956;9643
3225;6216
2844;9666
6887;1344
2501;65
8053;4933
7465;9997
5969;2255
6862;2034
2111;4349
4442;4102
4656;5885
8629;3906
2074;9729
5124;2736
7422;8059
2622;5960
3176;2916
4029;5636
9408;5717
6689;8854
8714;2035
6992;8920
8721;7253
8759;6736
291;3967
415;5712
4099;54
7903;664
9918;6817
5756;2633
8428;7673
636;2203
3750;4981
9038;8650
6387;7025
74;3736
3515;3907
7304;1594
9889;6580
6925;9020
2168;4909
2672;3013
8465;7157
2173;4682
6909;2210
9306;6106
8143;9168
2609;6341
6782;3375
4066;2443
5583;4392
464;5765
2937;161
2369;8921
6386;6503
6451;5163
5046;1066
9805;3427
9699;6627
6614;9719
3552;6361
2639;4381
5859;768
4084;9301
8022;5761
5765;8151
9673;5868
9634;6518
9622;6231
865;4498
9554;1749
2169;7338
5150;6992
4419;7115
781;6995
357;344
13;7218
5478;6591
4328;8910
5677;3973
6244;9293
5418;643
4879;1545
4345;8849
5985;3040
3349;8142
3961;1890
405;9681
3294;207
7958;6488
2376;1801
232;3556
704;5968
1670;9056
5491;4420
5151;1142
43;1941
4628;5022
2647;5914
7303;588
5948;7917
543;7476
7452;4251
4829;3205
5553;2156
5786;4622
233;807
4909;8197
833;7251
4494;712
5720;3592
6050;618
3718;7185
8211;8297
7002;4853
2870;9722
8709;3675
2670;6853
474;9203
2389;805
8105;1434
7041;1463
79;6351
5701;596
506;4587
2924;9130
4430;4479
7277;5394
7467;1641
5288;7081
9094;9868
3500;3142
6799;4431
3511;4507
4459;5592
7495;6604
1904;4221
3976;9518
7639;2828
7102;6108
2128;196
9665;7687
9105;4830
4065;4604
3655;4125
4351;6555
7156;4577
8924;5746
2224;3627
1687;3344
2701;776
2860;2958
5803;4152
7985;7306
3152;7457
408;246
9466;3267
2992;8125
8058;8964
2708;1779
5622;692
2223;3497
4054;8561
2802;6104
6365;2527
6425;6776
3004;5143
161;9940
3040;8521
5294;4823
4477;7015
6854;1195
2178;66
861;9440
5904;9662
8065;1383
2408;9633
9033;5674
9630;6612
3379;4968
6156;5040
2306;7666
8355;3553
5460;4522
8765;627
9039;3260
9489;6187
6986;7334
7713;8465
8452;6849
1078;9259
4217;4476
9440;8509
7961;2748
4361;1558
7687;9972
8352;9382
6288;548
5461;1999
9459;353
8946;6232
6454;8832
6636;9562
9531;3585
9879;2796
4831;7780
4875;2158
3264;2741
1000;3600
7179;7743
9441;9598
7017;680
1946;1895
9234;5264
103;6763
6415;5888
819;5108
4793;2374
4111;399
3833;423
2308;5525
3667;2353
3038;3400
132;832
15;466
8047;6199
2335;8334
1057;1117
2683;9649
5013;1426
3348;2539
5834;17
1137;6001
2933;9616
392;3443
9127;6781
5195;8869
2174;2599
4400;1157
6884;608
805;7193
395;2307
9518;6045
3334;5822
9439;2
2286;3459
7938;4967
5012;8094
2192;7335
1013;2389
4169;7468
7302;3615
3415;3529
6699;5
8066;3105
469;3052
3929;7997
4943;7366
9342;6996
4851;9832
4337;3464
8926;9270
7699;3810
5933;5730
424;5729
2482;5204
4999;9561
8327;8697
1760;5262
1243;5292
4676;4544
4360;2500
9423;4416
4644;8587
1206;6189
6814;7525
6215;3250
2055;2057
9224;4483
765;1089
4784;1574
4591;6412
7915;8545
2317;5815
5393;5148
1194;3894
1625;8307
5036;2816
7199;779
5833;1808
1339;5241
1167;3982
9434;7177
9042;7956
817;5708
9032;9072
1718;7330
8466;8682
2920;794
4270;8235
8809;8843
2767;7060
4592;1247
4464;3955
3492;9336
1064;3359
5518;2313
7220;2198
2466;2957
8148;4732
7803;5080
4855;9835
7572;7469
6547;4389
4425;4008
6109;7994
171;2175
6373;2775
723;4404
8881;4473
2182;740
4488;2813
554;801
567;5597
7270;5505
8358;551
4693;104
8098;5375
8386;2303
7973;3577
8961;2888
8411;9823
5287;8326
3199;3546
9122;3863
8736;8184
1476;893
6475;7695
7229;6050
5083;1329
8812;9503
3272;8856
5228;3062
4833;9128
925;679
2675;3814
5044;4217
990;1879
2730;1630
8798;799
2644;7133
2483;9976
2348;6249
2359;533
8610;4287
5766;628
3017;3113
1571;7759
3512;5090
5348;6738
6434;3516
4051;3580
6180;8710
4638;8030
6906;4693
6427;6751
1891;9353
9740;1852
3138;9053
6479;8769
9178;4533
1854;6439
131;978
5403;4093
5056;6167
2138;2019
5624;1629
7739;7207
2289;4226
1989;904
932;4842
3539;8953
1067;3492
5485;7137
4995;8897
9018;2168
544;8834
7251;8224
1184;7669
447;9264
8402;5602
4594;467
3638;5630
9472;8312
9202;7188
8876;9154
2556;3555
4093;7022
6964;9655
6908;4475
3241;993
6239;2949
2188;9812
8056;6756
7623;1458
1250;7888
3286;212
4985;9265
280;2714
94;3552
8192;8162
5824;481
1368;2367
5113;7084
5070;6969
2634;1618
3209;5087
643;4920
2462;2774
1689;1367
2534;8449
6697;8237
9164;6855
6461;7038
4254;1500
4842;4527
1781;2705
9075;7123
6297;7487
4091;3217
6720;1083
8794;2622
896;2331
437;3292
5792;2887
7315;7344
3762;9525
3165;9062
402;5156
6784;9208
5828;9962
5039;6681
8049;9978
550;7750
5504;7545
2009;144
6218;2089
9369;1477
6768;155
3890;1114
8374;8620
7721;856
7626;8113
5318;4878
5235;4690
2918;1613
9490;7408
8208;8005
7070;3144
881;2212
4101;1292
1225;2948
922;867
3258;7916
7563;1777
5525;2485
265;8540
4131;585
6379;244
1266;4741
4651;1446
8067;229
4333;4209
2551;2268
531;5621
9377;4591
3502;1135
2586;4385
3161;8329
2029;734
4450;349
2329;7511
3916;7172
8710;1769
1733;1520
2211;6359
2201;3170
3792;7722
3436;8864
1981;8627
8760;5398
8572;4913
1407;8321
3494;3969
2682;2898
8528;8805
1703;2174
9194;3825
6100;8365
7433;3367
2666;1101
1005;4820
8904;3971
6820;926
7318;9698
7420;6083
3145;7951
9827;8268
1695;3425
4303;1702
2601;8482
9567;6574
2313;7411
2147;3046
8551;421
7727;6399
5505;3915
6923;1691
4802;2868
4609;1623
678;3764
1561;6387
3233;9162
4378;831
2401;4946
7032;8485
6096;4638
8927;4131
4542;3391
8524;4398
2065;9695
2251;1111
8785;9694
5734;5303
8070;4868
2239;9222
8589;8828
502;4684
4857;8652
6774;981
2827;5322
4236;8601
5915;7035
8850;7208
1661;6859
5982;1541
3647;2588
4809;710
1775;6606
8378;248
9183;9825
2552;9621
2347;9767
8932;6139
3919;4324
5043;1154
3790;3550
7355;2011
484;2420
3364;8888
8069;5239
7217;5019
3802;384
5878;6916
5157;6646
2253;8135
6345;2632
9545;1680
4788;6479
2454;8382
9397;9688
936;9220
2830;2056
7926;9799
9291;9697
87;5716
4906;7441
156;1005
282;4046
606;843
8265;4808
4496;5096
3112;4869
575;5456
9958;2725
6358;1335
4846;6048
6409;1161
3681;87
1629;4315
4032;7267
6509;7105
3853;1350
6949;2247
4103;6529
5429;6396
3720;2626
6560;9782
8093;215
1063;6013
4287;2970
4041;2508
3043;7365
2104;1062
6158;1371
2793;4957
2113;2271
7514;492
4036;6666
3938;8154
1360;1346
7280;7500
6745;7371
7849;7744
360;3878
3817;3635
4209;7258
6742;2682
336;3188
798;3572
5129;7702
976;6197
9239;1121
4256;9857
318;1834
892;8822
9779;5383
2356;3508
838;10
2374;7868
801;4962
7853;4105
1563;3786
4377;4163
4121;7806
7668;3506
4622;6316
4824;1412
220;4288
9124;2398
9649;4109
1015;2054
8144;619
756;7683
5301;9230
8140;7766
4482;9324
6878;7247
615;7151
576;8713
6264;7314
8187;1217
6738;6761
7154;6151
4631;5551
222;6940
7172;3952
8873;8858
1072;6836
4527;648
6106;4413
1237;5217
9080;878
9702;9418
5614;1479
7308;1167
9298;8500
4526;7136
3668;4128
4281;7961
2271;2742
7039;9304
693;4445
6866;1355
1481;5268
9189;6921
3506;2232
3235;6176
4060;5036
2323;1330
2867;1645
2495;1865
9716;9918
5820;697
6472;540
7922;6793
7847;4943
4350;9582
4969;7261
2799;654
3535;5535
835;8403
7583;3985
5095;1207
185;5533
1433;5320
7521;8168
6629;9938
738;5634
7147;9266
1291;4471
3404;9196
7419;7488
7161;3139
8511;8333
7347;6770
4056;9253
9176;8479
7249;3468
3300;1653
3293;6272
2973;8110
8877;5790
1852;5648
7371;8095
882;9793
166;8063
6323;2532
7305;9690
9847;3638
7718;1584
2927;2900
9057;9407
4068;2687
6706;758
7944;1877
3752;4234
3841;5061
8407;3730
4541;4744
9809;8658
4456;2078
8137;4092
7182;1994
6062;730
7133;3249
426;2291
9799;8971
8805;736
2974;7906
5757;4026
1719;5115
8012;6805
366;9000
5446;6410
9346;3902
5004;8716
2115;6494
7548;6932
1284;3126
3064;6138
3376;3233
1596;5615
2468;3059
2565;7833
8971;5751
23;7526
6029;2487
8219;2493
1400;2165
435;9070
2689;4910
1755;8303
7660;2880
6315;7273
4821;3153
4975;861
5037;5838
1641;5256
6054;1353
358;529
275;194
7413;6971
6064;380
9444;8681
1673;1118
6500;9329
8023;2172
9770;5571
2832;5166
810;9713
3528;2258
1256;8192
6880;4289
3030;4642
6587;2755
4606;5366
3686;7018
5894;3069
2712;4314
2866;7074
3979;3997
2663;4563
7802;6877
149;9044
4069;2259
8132;2683
4358;5570
7608;6239
3629;8860
4461;2393
9944;1912
775;9995
6643;3218
7657;4185
4296;5900
1945;9747
728;9443
2568;8925
333;3146
9631;5379
8489;1510
5666;7191
6974;7097
8110;5122
1612;3803
5189;9836
3409;2860
9977;4020
8737;1513
3082;4232
4724;7163
685;4651
3692;6075
8441;2544
955;2792
1146;9362
4789;9249
8762;2086
9660;1708
8835;7349
8415;9712
7042;4048
2365;3444
8002;2802
9996;9566
5249;6644
3306;604
9627;1583
6492;4280
8956;7622
9292;5242
3147;5726
9089;5769
6330;451
6978;5702
3139;532
626;7460
3563;6345
7204;4088
1560;2896
3940;4106
926;5676
4080;7734
8174;9532
1325;9262
5425;6621
1898;5739
1810;7586
7087;2801
9651;8945
5262;626
2488;4993
5389;4789
2978;3372
9991;6679
808;5919
6888;2503
4357;5619
3546;5585
4429;119
303;8746
9028;3333
2661;8159
9747;4807
6603;595
5450;1090
1783;2965
7090;7331
997;2229
9371;6861
8891;6236
2441;3925
3094;3376
8419;6098
9295;1722
7081;7150
139;9393
2725;8317
7792;1626
3661;4397
6279;6532
5856;485
5346;5234
530;2100
8262;3942
3378;4497
3135;6626
4534;7082
7269;1731
6546;6866
8748;6241
4920;516
4524;6068
8791;8401
3645;9276
8683;9071
7295;5346
986;1306
3685;3650
4783;1982
4043;4155
9130;2413
5981;6159
2849;8402
2893;8908
2449;8166
4225;1237
72;8454
2950;1650
8055;9099
3534;7681
7174;6041
2236;7255
9625;5454
7022;446
1688;2461
9117;7882
4972;6220
2847;8223
1189;3203
1463;7953
6543;7370
1895;4005
8909;2675
86;3579
4903;6755
8865;1565
4568;9700
9052;8537
6280;3420
2229;9852
3044;180
6990;8995
6865;6605
2431;6319
6561;5091
3189;5184
1872;6804
6582;3625
3662;8868
4543;8651
4368;3075
3690;4826
2364;2431
9803;1501
2987;8882
9976;5081
4154;2151
8934;1190
5099;1067
2787;2870
6612;567
1450;8659
3388;1573
9145;2865
7556;9581
218;9756
4082;2491
3370;7777
9613;6462
4698;3950
665;2122
9546;3976
6212;7167
528;9794
7121;5408
1868;6884
7253;470
6101;2113
5957;6063
7331;7761
4646;896
2522;4565
6031;5783
5390;4512
7385;7387
9579;9568
8142;6014
1331;8806
3392;5229
2706;986
4469;8360
536;5238
2288;1552
8236;1929
7139;3465
4569;2680
8124;7703
3487;1980
4860;6552
1;3150
637;8388
2760;8132
8880;6299
511;1427
9967;5056
1584;1152
4048;4575
225;7478
4991;2134
5706;1009
2130;5547
5715;4570
8467;8886
8396;1171
7846;1652
2030;589
4844;1845
879;3312
3521;1382
6874;42
5648;3441
6289;2521
2947;8054
3102;1305
2328;2484
2972;1988
9742;826
2671;7116
3844;8476
1820;2295
125;6839
8212;9028
2467;8980
3439;3277
4147;542
9623;4976
365;3654
2448;330
782;1548
846;3393
6383;506
9090;6321
6078;2394
3127;9652
3089;2722
4466;2855
1974;3133
7411;1210
822;2438
4010;2803
7884;2110
2282;2550
3757;7996
2339;1831
4690;9668
9511;9543
459;5669
6781;872
4847;6279
4223;786
7228;4457
8914;206
5247;7781
8580;9735
1521;2309
4899;5177
9917;4886
8998;2553
6125;1802
1870;6077
9473;9216
2792;8234
1020;7083
1192;8548
6661;2704
9375;5489
7435;3741
7654;7007
4228;7879
9169;992
3154;5690
7268;6764
8027;9479
9895;668
1988;5257
4326;8723
6302;7050
6327;5949
9151;8552
5466;1187
1575;3357
4237;2234
2036;9333
9314;4228
1814;316
1735;7446
1950;9548
2025;6394
1884;5563
7809;4111
1914;7975
1674;4224
9611;6509
5010;5706
3553;2382
6818;9638
3396;6242
2910;8468
3206;126
2763;5270
3922;8547
5537;129
1484;7353
6120;2055
9020;2997
6915;3402
6669;2652
8548;4541
460;6611
9695;5357
4369;8624
5500;3679
6153;1824
3570;7763
8446;9351
6225;9084
5761;962
9778;999
73;2217
6727;2072
6864;8916
2994;5897
842;6076
3166;125
1538;7794
761;8167
1288;5658
7105;6008
5673;1219
96;908
1818;2108
6380;240
4465;7507
2437;8829
2774;5950
6408;1339
4168;4719
8293;6535
6272;9789
7996;4935
944;4996
1254;6511
9939;8245
5912;25
9577;7696
692;521
1626;8750
4719;883
6435;6939
1077;8349
3871;6556
5723;5710
3079;6640
8099;7313
1034;6541
3953;9891
8044;4510
9465;1074
5964;7092
7051;7598
9193;9987
5026;2241
9356;860
7822;6349
385;5929
8913;6767
9535;285
5155;4270
9304;9238
4546;7373
5679;5976
8953;6924
8075;4973
2087;8457
9766;1460
2930;1625
5759;621
4952;2488
3796;1997
3276;9456
8568;9089
1499;5469
8964;1950
8427;9625
5073;7466
2956;2450
6396;6957
7695;6193
5805;1960
8283;9948
4670;2284
1552;2414
1024;3624
380;3446
1586;3944
179;1127
4547;6136
8860;9730
6597;1524
4652;5118
3880;3927
5923;806
8829;8379
5253;5573
9266;5190
9817;6632
9981;2561
8641;8743
7986;4096
4748;7903
101;3251
6018;9074
3476;8515
6766;3389
299;2039
1213;8080
9883;6141
8801;4331
9870;9073
7870;3557
108;8507
5199;9775
645;5074
7555;4792
1104;5575
7664;5638
2090;8140
8114;1543
7577;7011
8723;4348
245;5075
348;3821
7740;8733
9648;2421
8872;4062
6752;9522
9726;5839
6201;787
7777;5486
5979;5007
2558;5882
4113;8368
1173;8904
7262;8327
6169;8077
3909;2968
7367;698
7651;3715
5610;3642
3291;4177
6531;8942
3598;5388
1773;8935
1712;5612
9828;7549
2091;3496
9247;4990
5449;5024
7567;2727
3610;5620
6575;4499
8233;1812
9601;1681
5163;7470
9077;1049
2417;2238
7428;9556
4096;1718
950;6366
6806;1358
9300;562
6601;2838
3207;3394
4012;2290
3897;964
6216;5828
7023;682
553;1592
847;8052
7077;2661
8255;6582
5886;1532
7297;3271
2309;311
3355;5149
4363;5417
4556;4098
3694;6010
5;2015
6744;6330
7158;5600
5499;255
4675;1942
571;3772
8228;2272
8701;6962
202;9829
3351;1490
3599;7585
6008;9031
7031;1851
5076;7551
4224;3798
6069;2164
2515;2459
7068;5082
4272;8348
3266;837
5433;7311
2606;5396
5175;7726
3572;8730
5926;279
9437;5286
5031;3895
3041;1600
9059;9340
551;2145
4197;1084
4567;6054
5739;2285
794;5094
8663;8478
6681;442
6793;7254
7427;9416
3524;3081
58;4108
5605;6677
4908;7697
4639;2885
1477;9105
1623;9994
3737;1261
7763;1668
2872;9923
7597;1048
9393;3771
3925;1867
3814;1785
4951;6442
6844;6140
5743;3363
8243;403
8499;7147
2445;3155
1261;6235
2392;7497
7618;3197
9249;7431
321;2328
6765;4199
6066;2701
8059;3806
3401;2492
6763;9132
1281;766
353;2638
7484;8592
6220;3948
9751;4493
7330;1663
4725;4273
635;187
9417;9146
42;5112
7616;780
7544;5413
5638;9047
12;9156
1023;6775
3697;1715
2034;9552
6332;7342
4511;4875
5567;5796
8320;2568
8824;1738
594;2319
7049;599
6166;3039
5332;7049
7989;9009
7960;4545
9633;9509
7530;5475
5217;2448
677;1281
9868;437
5754;3673
5652;4468
8554;8619
4505;8172
9830;3855
919;2114
4580;9082
9943;5812
8902;3596
6687;2790
4669;4031
952;3905
9029;5797
3497;5452
7375;4183
5134;2188
2311;9858
6353;3860
3928;4474
3269;8876
3325;636
4776;6785
4744;7865
8854;7880
5984;707
4691;775
78;4930
6453;108
5941;1357
1529;9941
4650;9629
4812;9311
4390;1226
9850;6857
8632;1124
1479;909
4770;1257
4835;2029
6251;9910
8570;5121
8259;6772
7240;6429
4653;7927
9575;5848
7454;6382
7665;3846
7995;8068
2636;4918
2120;9834
8019;1136
5367;7595
1651;2447
3446;501
2726;1827
7067;6821
912;9943
6181;241
2571;8846
2875;4255
5574;5493
9739;5176
5373;2747
2266;6413
3480;2959
8172;4573
9240;2023
4555;1399
3056;6222
5897;7755
2326;5806
977;2624
2858;2804
2281;1146
4190;8046
9388;1169
3084;4960
2642;7592
8389;2719
9420;8593
5142;9446
4869;3493
8368;8643
5355;4197
85;2852
3869;227
1548;7367
4728;7376
463;928
6431;9433
5137;9233
1492;1706
57;2202
3290;369
4994;7317
9359;5439
8141;1644
7778;7725
5201;5008
5254;475
5581;4618
4804;3990
3569;4153
252;8491
6118;6725
1593;7076
455;8985
169;5832
3288;4254
8722;6517
9062;9101
209;4505
387;6506
5604;4451
9210;823
1469;5758
138;1658
3518;4144
1977;1536
920;5594
3483;508
8458;9321
5767;3686
1665;5132
9835;1430
1338;4528
188;7322
9568;5876
1741;8175
2575;1170
9184;5067
8016;8435
4214;7583
2351;7213
8295;6112
5078;7550
4178;3663
2882;3156
2125;8314
7471;6072
9701;3185
4935;842
824;1901
1333;7178
9477;8885
3627;5424
8992;1254
1425;6484
1908;1246
7479;2504
1426;6588
2471;4402
7125;2762
1753;1796
9795;5251
7693;5228
9894;222
737;4559
5691;2911
2984;2240
8085;8618
7417;8781
3489;5603
9004;9936
749;1596
673;2067
8995;6027
394;133
3485;9124
6994;3325
2426;1537
8523;7506
2868;5807
6202;4627
5779;9724
4630;1922
143;6099
2475;6311
6390;372
6931;8776
4334;6913
237;4806
4322;7519
8008;486
1647;8201
8247;1927
8209;3365
8916;4959
2528;6595
5529;6171
4294;5711
7663;477
3560;6328
2524;5754
7820;9212
2975;1559
7313;2181
7743;5323
3876;7086
4558;7686
5667;1234
6262;7679
8540;8364
5916;5427
6020;5835
8847;9571
1168;8877
7450;5613
994;7932
1955;291
4506;2590
9258;2243
3381;8241
5938;8316
432;6526
9654;902
3195;882
5329;51
8717;4955
3816;7403
7152;2985
4540;4461
5999;8582
9501;6145
3425;5650
4515;4813
9383;9588
2825;3209
9285;9717
3072;5894
8221;5512
6976;8362
7334;6087
7192;819
5224;67
1909;3053
4894;7501
6221;1935
8258;2947
2786;3290
4338;4086
6414;8749
243;7561
1253;632
8379;1836
8116;4044
2444;5598
6012;1063
2099;4852
4891;1725
2399;9516
991;8568
1335;9636
6551;1080
6462;1318
1501;5607
5344;7312
3670;795
3010;5743
5268;3387
77;3784
8594;6516
3815;6340
5138;8295
1415;6317
4039;9315
3085;1606
7383;5704
8692;9451
7266;3590
6505;3280
7406;4832
7796;8448
8979;650
3702;2524
8038;9308
8063;9391
7470;4281
2580;7243
6975;1857
5516;863
4848;5185
5378;1064
8108;5829
8738;5517
4970;4724
9050;1061
6736;3261
8204;2350
7888;3351
1309;4229
969;1973
1081;4770
5506;1393
1113;9122
2507;3457
2270;6109
7021;8257
4510;9158
5738;2060
7239;9551
1452;8687
3171;8165
565;5169
298;924
963;3710
4721;1962
4310;5050
6371;1003
8685;1516
5522;9282
106;8106
5980;2083
4158;9930
1216;5891
6951;4831
7401;2059
8933;3843
9500;7736
3605;2298
9280;6172
8803;5020
4786;9368
3981;7512
1717;5791
4782;8662
6433;2097
3260;162
8615;8642
3210;9947
9866;8186
3367;2245
9758;3282
6959;5281
1120;8124
8745;2986
3128;8006
5306;6721
890;1682
9932;2334
5486;6124
9520;1661
1803;6195
5987;4478
9446;5869
3749;7279
1553;2522
4944;808
4957;262
7640;1128
7510;4803
7246;9970
6513;1669
9585;9677
3310;4888
5190;7106
3658;9309
3826;6991
5562;9152
1682;4754
623;9618
1815;6283
1322;2615
2859;9269
1389;4438
713;7808
3440;8281
2022;8696
6573;3168
5536;3963
9760;5785
9542;3718
4439;7485
1792;4970
3615;20
8471;6508
5582;6320
1936;4266
2416;8233
8147;472
9128;7292
4289;3965
802;8939
9217;9716
7290;3044
3652;9064
9905;9845
7482;1821
5596;3738
3005;9100
1744;2698
589;7650
5661;9602
6021;5077
4489;7629
5162;1506
2955;9163
7679;9600
7292;3536
7086;9804
7342;9990
2773;4606
9401;8036
4923;9887
7791;6667
1985;6308
128;1231
9945;1792
4512;563
5363;5681
8831;4376
2056;6802
3663;6901
1839;6163
7368;3110
9424;264
4435;4206
6346;9048
3542;5802
6254;5568
7137;3882
8487;9772
3228;6463
7604;5014
8912;5881
5182;2648
6703;6669
790;3301
8963;1223
1228;8093
9753;6248
1646;947
1386;9141
4973;3159
5608;6983
9867;2577
9114;561
4714;7554
8945;4585
5860;5948
2948;2437
8087;304
7255;2144
6653;833
400;2361
6836;5886
9235;3808
4293;9960
3131;9608
6659;413
7026;3033
4746;4619
7421;9628
7143;6907
7513;534
9878;7310
3304;4325
6402;2923
9735;494
4768;2376
666;6828
6055;7642
8544;5677
3705;7190
2589;2987
1226;3114
7063;8374
9174;1485
8984;234
2312;4168
8131;8688
9947;5874
7418;6628
26;1233
8848;1739
8616;5631
8426;2757
4841;2329
8102;5049
6241;9107
9431;9659
2048;5001
4018;2859
3065;6966
7207;1337
9971;8685
3103;6306
3445;2214
8041;2006
844;6918
7585;4045
9768;3485
2006;5384
3336;7530
2750;305
8472;1932
8497;5591
152;4974
9362;9442
6368;8613
5270;2565
5473;8993
4586;7949
1185;5093
5983;289
6091;7943
3505;9504
1411;3428
954;9192
5998;6123
6227;5463
9297;6160
3185;191
7078;2239
496;7537
2004;186
2357;3399
7231;1724
4031;4982
7745;4738
155;8274
65;8879
6616;5709
4042;5324
7812;3164
6088;7271
9212;3521
3643;7439
7982;3801
7506;3097
3620;6165
8699;5845
7241;3050
7398;4662
6510;8996
3393;4436
2691;7414
1211;8488
9430;6874
9723;6789
1224;9021
4106;7602
1373;3996
6838;3176
7613;2341
3344;7080
4353;3358
3949;995
488;8433
7867;688
3151;5759
5119;2557
1136;2581
458;4355
5930;2194
3490;7591
329;8217
1028;4645
1083;1045
1320;9791
8672;5507
9301;8857
4689;4901
4817;2674
8990;7860
5472;3369
5753;6009
3800;6018
5050;2294
7731;2938
7923;7568
7707;9939
2516;1554
7256;1203
633;8835
6628;156
216;2251
4030;5973
6956;24
1085;4763
4961;7800
7558;6654
1842;8719
7524;1023
3903;7126
6788;2343
3261;3941
4248;4311
2469;4463
4261;292
3224;6909
689;4025
7569;4712
3236;7881
2685;5640
5437;1734
9385;6438
2723;5567
7360;3537
8198;9019
2157;9193
1963;7855
5282;9905
6495;237
1121;3281
6607;9884
7920;4484
5784;9837
5891;6213
3529;2404
5695;9398
5721;1585
7941;1696
7033;5836
3937;9470
1604;6974
5102;2786
3687;7818
9980;164
482;5434
7673;4936
9503;8347
6741;5380
6095;6961
440;9611
3223;8278
1270;1250
7586;2279
2977;3697
8001;9110
2829;4735
8754;4263
7503;7963
4196;3945
1536;2178
2189;5685
8952;7319
331;9149
573;6929
4242;8754
869;1043
6077;2827
8994;3023
2594;968
8851;5139
8025;8794
8117;1859
2095;6127
349;270
1318;1224
1231;7921
8380;345
335;1264
2132;9078
2172;7070
9360;5266
1341;990
7999;8641
795;1842
4239;2518
6639;7062
418;5833
7014;4799
1597;6745
7748;6844
3202;4603
6192;9964
7157;8717
9609;9415
9900;5608
2164;9689
3365;7938
1784;4257
3952;4219
5074;6618
5372;9063
4523;318
2490;3089
4938;9444
2264;5173
7565;8417
6376;449
7430;9255
2593;3740
4790;364
255;6005
2876;7023
2919;8143
4765;8720
3968;3750
6319;3524
383;8173
6352;4928
7852;859
1693;2499
4431;7119
8504;2781
5277;7031
6549;107
8520;3591
4958;2507
5672;1916
4417;5180
3581;2032
8115;9635
9172;7714
5832;6638
5656;1752
5065;383
102;2180
1330;5926
3827;750
4739;1466
4697;1421
5202;6959
7557;6233
2824;2574
6013;9268
561;4184
8808;7356
3232;9569
4021;5867
4648;1256
8090;7577
1770;3009
3029;879
7404;3896
8619;9841
7811;8937
3601;2179
6618;9853
856;8814
4867;9435
8213;3511
9200;6406
2731;1251
8392;9034
5682;2728
5626;7727
5818;9232
2110;5683
6111;1073
3423;2761
9226;3567
8503;4598
2548;5046
2203;8145
4455;8554
3669;7125
4476;7165
4554;5350
3339;1405
2248;4586
7775;8475
8832;9113
9302;1828
6471;4678
5392;3398
5452;4753
8846;645
2814;8294
6171;4351
1942;5299
1106;3029
9487;8117
3389;2305
3676;2971
1843;9166
5827;145
2453;7533
9937;4300
1259;3098
3744;5248
3417;1519
2856;8626
9838;3499
8156;1445
7810;3143
9780;1332
4677;9164
1191;7265
3902;5296
5456;816
7498;653
5404;4240
1314;9613
7149;417
1060;7027
4307;8865
1939;4081
7214;5780
6826;9889
1483;4540
4441;4979
5800;5265
3461;3073
9282;4333
2473;6948
7374;7904
9242;9055
8310;5079
8965;3068
5135;530
5435;8398
9750;6457
8387;2766
5316;8820
8889;4600
9447;433
4191;3657
3665;5258
9026;2654
1065;2690
3298;5509
3579;4624
598;5002
4260;4275
3595;4940
8601;5194
3614;9318
7289;9145
6828;874
2598;1087
3559;5930
3181;385
9309;4121
4755;2884
5284;610
2643;7546
7534;4898
5311;5316
8531;2769
3453;3603
5290;803
3466;7935
6907;9287
7781;1322
5200;1656
5962;1419
2163;85
6912;4425
1022;9809
1833;719
2810;6454
2649;903
4717;3386
6087;3980
4097;1182
110;394
6677;7398
5607;5988
8165;8169
1806;7111
6890;1472
83;9813
540;5878
7643;4623
283;9906
5946;7128
966;1289
3478;6634
1708;980
8505;8625
8226;5460
3609;3832
1069;1406
142;9219
7584;3481
3399;7753
3316;9844
5789;8928
4137;3917
2294;3136
9851;3057
908;2498
9881;9157
2027;4934
883;7616
1533;6798
8593;1924
7860;6722
2233;6630
3036;8470
7029;7362
7001;8844
7912;9554
9260;443
4200;9973
6443;8037
4967;2758
7176;9452
8688;3177
7776;9977
6645;3127
2076;3088
3514;89
9230;6586
1221;9225
7062;9183
4146;1509
3864;8892
4038;6723
7324;5721
3788;9833
8918;3384
3456;3869
6913;7969
4837;8842
2869;897
230;6044
6971;6324
8470;8191
352;6061
7212;2162
7631;7930
5060;9383
9975;2620
6321;2215
419;9898
9884;1262
7424;1970
9691;4341
6382;9656
468;3970
667;3885
7737;3674
586;4998
5413;7782
9719;2302
7974;3480
5422;1977
7203;2784
4325;254
1147;3095
244;1575
9318;261
1772;8493
1524;4745
8171;6093
8449;4363
5790;5449
9337;8638
9808;1568
5618;6765
9641;3243
7943;8032
4383;3091
30;5611
9526;2360
7134;3025
831;3897
3416;50
2719;1704
4953;4583
249;1022
3340;5211
5069;3406
4760;7154
998;9406
1218;3712
6502;7183
8556;3768
9386;6389
8797;9131
7706;7614
6879;2120
8605;3411
1756;9931
7449;3835
7835;3823
8246;8189
2620;2013
2165;9356
4321;4714
7416;6841
8724;3096
5279;7329
6497;5700
3837;3566
54;2252
4164;7020
5700;4019
8834;6688
9058;1776
6082;3593
7762;1019
5992;3501
5467;6026
9743;5540
8521;5643
5613;1695
7839;7737
9451;361
4701;2724
3631;6408
2851;3890
5133;1866
5781;3071
5740;5647
3617;1060
3881;6205
6585;3132
5251;711
5463;3348
1050;3463
2506;6797
5136;4268
2136;6590
849;2793
386;5084
6114;7704
8410;1673
1164;8004
3812;2554
5874;2136
4109;9057
7190;4783
7824;6071
8502;4551
492;2128
7085;5397
5173;441
9638;1522
9019;4949
5459;5412
2259;6403
3990;7009
3734;1677
8522;9626
8164;5327
2379;1601
7271;7103
2780;5095
3383;8353
7048;3191
613;3760
4813;3841
5853;2351
5692;8467
3875;7270
4800;4443
5160;1275
7840;9644
7194;4795
4468;2137
1474;2486
9663;7816
6306;1172
4336;8510
8052;8594
8444;9863
9802;2872
2857;793
9923;4380
3093;1507
622;2797
4715;5548
4889;1040
6007;2547
6815;2847
3763;4620
3838;4615
3558;3319
7431;7933
8346;7451
3730;9926
1964;657
7850;5301
2707;2315
2052;6347
8541;7779
7869;2854
7130;8887
1866;4713
8384;9803
4700;5813
7006;5898
7328;8819
7141;9754
4810;6894
8084;233
1290;5907
4797;1159
1313;5300
1948;2937
7148;3694
5729;5831
2205;3239
5579;5816
2880;7484
8751;1497
8650;3658
4564;7758
6979;6695
2681;2609
9154;1174
4792;774
5387;3617
2804;47
9853;4814
5895;7240
1915;9136
8050;3212
5763;4371
5034;2045
1572;726
7976;3953
2570;9641
7250;1014
4458;5048
1980;2005
3714;8338
2816;2920
8270;4352
8651;6708
733;7981
8900;9701
3226;7929
7655;8800
7426;7559
2155;9925
4460;5954
9533;5025
7905;7417
5028;149
9541;658
3212;871
4025;1354
7489;9526
312;4667
4538;3473
3561;7792
821;7588
141;8058
9560;6158
3810;9402
7690;4843
2985;3430
1787;3117
3335;5250
8662;4785
1392;7419
3153;266
4680;7175
8057;6384
3395;8961
2196;6981
6032;3343
6920;8747
3491;9206
4695;8691
2745;6690
8101;3886
7789;6691
190;5866
970;7913
588;5784
9759;1909
9096;19
9072;9550
4673;9751
4135;3305
9171;4465
9352;7925
930;8635
4720;7222
8279;8055
6400;4382
628;6620
3854;552
1863;5499
1931;1888
316;925
6179;7907
7379;9707
702;2684
4279;6435
8237;1326
3247;8917
6452;3799
9892;5106
8500;1672
2697;4860
3016;1835
2854;4100
2532;9967
4518;1674
5936;9303
1037;4671
974;8859
8180;9786
1637;7392
9027;5011
9256;6290
7545;2430
3801;4787
8815;7749
8077;5102
2931;4211
1292;6863
189;8248
2442;3986
6128;9247
4665;8970
1850;8088
9954;6768
4090;782
3927;8393
1419;9227
1139;1955
7344;103
1496;9665
8133;9648
8263;2310
2747;4198
9525;1505
144;6539
2001;7077
3892;1991
5358;4706
6331;7148
1029;2735
8930;2646
9886;260
5244;1893
91;7947
8884;5904
2953;2335
2678;6865
8772;2400
5338;3502
619;2795
1196;120
7988;6276
1457;6162
584;4120
5361;3337
1041;2640
6405;5997
8770;2925
560;1333
3914;3989
4862;8243
7274;8825
5671;1675
4174;8793
6354;8220
4684;8927
314;6209
5097;9951
8235;5819
5517;1995
6446;2167
913;1130
6036;117
5493;7960
2230;5521
2658;2163
1153;1860
9382;550
1372;2765
326;9520
9583;9111
3664;1616
825;1197
7686;5054
2632;3129
7187;5680
7685;4927
1730;2094
9232;690
3774;3208
9912;6976
6885;49
7395;9570
1480;2976
9769;4704
698;4710
414;2647
8696;5601
9586;2856
3918;2974
5057;7878
627;6970
124;4458
6097;2206
2293;1394
5305;5474
3522;5763
1684;1602
9861;2751
1702;3415
5851;3115
1540;2370
6310;8518
4785;8066
3971;3664
1278;6420
1070;4971
7806;5078
2123;2778
4075;2457
6832;3467
6798;326
732;4075
971;1122
3083;332
1791;1876
9103;7303
9450;2858
6430;5255
2209;4870
6877;1301
6034;121
6418;2523
2944;9609
1345;3574
6902;4435
634;1313
9841;303
6149;8938
3373;6294
6162;3432
8578;3418
7893;9462
9317;6251
2603;5584
5593;9430
4313;3926
6473;341
186;3453
1402;192
712;6374
8584;5771
6307;2659
1140;6085
9347;4602
1672;518
6934;9121
6808;9932
1961;6979
4743;3531
5054;2753
3353;2770
4657;1712
4571;8378
7533;5321
8680;709
686;167
8206;748
4801;4632
679;3678
1503;8680
3190;1467
1606;1933
812;4241
8468;4201
5118;7715
5917;7639
8625;2012
4078;1707
1498;5824
3329;497
8888;5705
6855;4491
2338;7186
1983;9954
3628;911
1223;8615
1694;1632
5395;3486
9667;1201
6122;1958
4410;5873
3242;8932
5239;5012
563;4924
4305;1266
5653;1926
7833;5768
3781;1196
7072;3256
7921;6572
278;4011
4006;8821
1303;1667
8626;1307
5865;9029
9948;7101
4044;8355
9757;6088
2053;4118
137;9753
7878;9824
706;1521
8985;3184
412;4613
6930;560
2051;7513
2970;9109
3739;3648
4654;2028
1794;6252
7116;4588
71;5213
6756;6254
577;8064
5598;2460
5705;6892
5921;7941
2161;7454
2840;7395
7741;3063
7445;3753
1811;8522
1260;9381
3227;7805
3317;8199
5191;8363
1594;3767
2903;5860
5243;2040
3493;7883
6996;7221
555;1746
5988;9703
4143;6825
2344;3602
2152;1931
6481;5294
8899;1628
2526;7198
4533;2842
3704;1671
8398;1310
8325;6693
228;6225
1664;3891
9643;3998
1172;8204
9364;6198
5693;1403
6675;7181
1668;2506
7714;1862
2101;2631
7967;3887
8455;5588
7519;2899
7732;8833
7568;6373
1271;5844
751;6891
1504;3316
6217;2849
3611;2915
5241;761
5232;6116
3133;4141
1203;5278
5093;7297
8323;3746
1388;2092
4727;2922
9419;9736
8807;2525
9448;9699
2888;571
5336;4156
2619;4767
6079;1176
3778;299
2314;2357
4962;166
2292;2306
4427;845
3134;59
3282;7162
572;2969
6760;3436
4071;5360
7142;2403
3055;7993
4396;2567
215;742
9929;9955
7101;5092
1114;2377
9882;8508
2018;2628
2891;327
8457;6698
490;2768
5477;7817
9274;566
8793;4429
1301;2694
8438;5872
4402;8605
4166;9564
4959;5503
3574;3287
9557;2670
9046;7096
2243;2967
4364;4873
3488;5382
9964;2263
3797;4126
6849;7326
4712;2196
7462;9434
4979;1288
7908;3757
2698;1328
2256;6070
5476;3703
2909;2996
8954;7099
1934;5237
787;9432
4574;3645
2695;3721
5512;9959
7805;9344
3985;5633
914;1944
2346;1755
4252;3030
8420;5289
770;5447
9268;633
1494;3888
4393;8442
4615;9524
4660;3119
5939;8283
4819;8000
1505;8977
1207;5385
6809;2068
7856;8870
2145;8637
342;8542
1581;6843
3738;1572
8317;1024
9289;46
3803;2851
9815;8926
8612;7919
3028;2369
7283;5495
2044;9138
2242;8416
2559;3225
2738;68
9463;5004
9170;6655
3159;3291
2037;6255
6049;226
2470;5446
7890;6510
1926;4987
5668;9468
3105;1887
592;8566
4438;3842
7128;3213
2509;3285
9381;4637
5617;429
5143;5356
8400;4617
5368;828
7780;3787
4598;7985
8892;6107
1247;4181
4913;2264
1663;1664
5276;7605
113;4129
6969;1186
1108;6157
7311;3608
3641;2618
8224;1782
1122;1410
3557;1415
5386;1605
5530;4165
2629;8586
8638;7192
6519;9260
4067;1577
2715;918
5785;7769
9844;2318
8460;502
3126;716
267;2280
1089;5578
3724;3276
4086;2528
5707;7372
6921;5214
7797;4023
9794;9912
6228;6016
3465;4775
2549;58
7798;6523
3551;3322
7235;4601
3538;6694
453;9211
8917;2543
1217;2473
4346;2878
1204;2490
7746;9471
2153;2077
4384;7565
9836;2297
3116;881
9842;7215
8434;3195
340;402
2823;1936
978;2874
7848;1109
4704;4679
7916;1385
9600;9950
7183;1232
5585;5913
8253;8563
9712;2759
9110;5787
2537;2017
3164;5967
6004;3829
5592;5207
5866;8071
7232;1359
9328;4625
3873;7509
9985;8709
9456;9579
4624;3765
9326;6822
5432;6402
9639;1689
4374;6560
3174;6490
430;1551
4443;2720
3249;2207
3096;4052
993;7055
4982;8337
5397;6472
8678;7130
6822;1488
1828;6569
7914;8187
830;983
5342;7521
1208;1168
2915;7740
9682;1432
9414;7434
1903;4773
763;4926
6313;1249
4663;1885
9165;3776
5250;8978
9030;1279
8562;1791
859;1819
9111;5699
4502;8134
4263;6978
2693;3728
8106;430
3452;2848
7321;8102
6074;5792
3252;8686
7298;3849
5823;4784
9914;1869
6470;3641
9133;6783
826;1697
4472;343
9142;603
9506;9400
118;8136
5528;1884
1885;4999
8515;1059
1465;5297
2736;2033
8539;4882
7050;5528
5379;8664
3020;3241
9173;7597
6278;1338
4160;5776
6093;5209
2261;4500
1018;2445
4632;6440
7865;1243
1198;1496
4005;4422
4408;7625
9574;1104
9211;1655
2729;2138
7615;8138
6943;5825
8695;4179
5261;5515
642;2036
320;5063
1055;99
4521;8070
9146;7830
5256;5703
7633;8078
7765;7693
4945;4364
3901;2715
8727;3082
9776;6327
182;7542
4566;7924
6296;6750
3019;4369
3527;7302
2958;9217
8729;5465
2298;7042
3418;2242
9941;1512
4411;69
1522;6264
5918;4707
5154;1627
9856;1453
5888;3125
5024;4766
5041;9878
5839;9680
3177;2184
2176;6161
6182;4755
76;5252
7607;6934
4257;7556
7723;6735
6071;6810
8495;9765
1399;9981
4241;4658
707;2372
9445;4307
8978;9312
4507;8090
6167;337
3231;6651
2118;5858
6204;906
6717;1690
2791;8276
943;9102
4884;1409
9071;8473
9162;905
9400;7560
8560;2546
9617;8483
8800;1351
809;9615
3896;3668
8032;7844
8303;9820
4685;4673
2557;2545
257;8667
735;6227
5106;4249
6524;7426
4304;8693
2914;7093
8151;2978
4607;6022
8940;5045
2904;8415
2688;31
1180;2118
7704;6758
7132;5376
9097;6629
4595;4215
7188;6619
7320;1762
341;4421
9015;5847
6144;9740
6503;4548
1992;1903
3602;63
147;5652
9515;7990
4838;6344
2982;8022
7337;8957
5892;3901
3944;9743
7728;5805
9433;5415
3042;2559
7945;1378
6852;4922
5611;6358
476;438
2412;6912
8774;2637
181;3061
1714;1032
6102;1774
2874;8313
6211;5946
9576;7324
3549;7708
651;5111
8869;312
8948;8214
7889;741
6304;3273
581;2685
6899;8300
5817;3008
7641;8706
7647;7631
2340;7567
5293;2216
7098;8389
7504;754
1940;5920
1551;2933
2541;2936
210;5158
1230;4715
8350;280
7666;137
2393;2449
5307;5151
1691;4414
6161;7486
7373;7773
3503;3769
9628;4427
537;3434
8274;3865
9995;6701
7008;2050
8864;2989
3328;2739
9570;7601
6378;6496
3303;963
7617;4034
7564;5113
3967;5249
2850;9538
212;8976
3318;7393
4791;415
2591;3006
3015;44
987;9439
7864;4095
7702;6504
8328;2954
3312;6388
5140;7795
1598;4759
5022;6274
3360;9133
7818;1340
3860;3858
1627;7934
3172;9390
8969;9705
6787;2531
5186;72
2967;5363
4262;2213
2354;7054
4531;5953
2319;1007
9679;2428
6159;284
4561;5778
8451;3064
8086;8881
4939;5789
5458;2126
3211;6069
6076;3922
7951;2332
5009;6603
2839;4150
4769;2453
2554;4368
7223;3512
7981;9709
8547;7901
1558;2829
5914;5908
7734;6815
8469;4953
6249;7288
7100;829
8234;6615
6611;3328
8095;6774
7215;4802
8843;8258
8635;4200
4751;2558
9269;7668
923;7065
9366;9335
1862;3943
8406;3186
19;236
9425;5794
8250;520
6936;3549
3666;2454
5164;7401
5511;7241
292;4014
7120;404
9131;127
4276;9068
5725;1211
4300;989
6184;4117
9231;342
9136;757
934;8263
256;8439
7554;2103
2718;7295
7990;3236
6326;9292
41;1221
9102;4024
508;2308
7649;2139
6729;208
9875;6707
6995;5192
3039;9239
8959;1377
8991;5963
5501;6287
2255;2001
4749;5757
4881;5742
2755;9559
5330;1260
3238;33
2727;8792
9361;6658
6395;8182
8529;695
8857;1609
7972;4133
5539;2031
7669;7394
1746;5433
5810;9005
8997;8590
2063;2406
3287;9741
2039;4386
1889;4854
2605;1370
9854;590
5127;249
7110;2112
9335;7838
513;5068
3495;2322
3806;6191
1933;7908
2846;5529
479;2325
652;3680
9891;7400
3203;1767
5849;7030
241;9928
3884;3083
1473;2831
3109;5140
7275;9214
5303;1789
3825;8531
5400;139
7306;1716
6063;4821
7859;5779
4757;7066
2602;6714
6532;5572
6232;452
346;1036
5863;4747
4927;3568
5383;9359
309;6097
5067;5506
7609;7644
6935;7075
1743;4384
1446;8948
9220;2435
109;8654
7044;154
4027;7751
7793;7905
8810;334
9801;8950
5776;8660
7073;9001
3468;9969
6764;4418
7460;8445
9972;3543
5471;681
9470;539
5798;3541
471;1398
9011;578
8822;6950
2421;9510
5180;8701
940;8310
2432;1549
7854;90
8361;1750
8858;5220
1328;2610
7652;3601
177;7332
3583;321
4557;6737
2492;377
6945;221
1930;1817
7020;4903
898;9065
1953;9639
7480;4243
207;884
2228;929
3848;2629
5602;2530
1879;3051
7088;4963
5935;7573
4853;9458
4930;6726
7551;4610
3910;7004
2890;5131
1532;2639
6517;8611
4708;5315
3443;6128
8768;3934
5555;1526
3265;53
9930;98
2562;2641
6242;8974
8459;245
371;2222
9251;179
7173;4274
2885;5840
7977;4388
6619;4589
8477;6370
9537;4985
3893;5023
7750;4553
9755;5453
789;5566
5061;2469
8332;9004
2916;9515
7979;5864
9788;30
527;3690
6460;9544
6794;3563
6620;1165
2151;2892
1295;3461
3097;7061
2315;9252
105;9787
5075;1753
7208;7659
8413;6935
843;7187
9952;4560
3719;1937
6804;5309
1579;6404
3593;812
887;9545
6674;4516
3576;4166
6381;1956
9790;7849
5681;9519
2668;3483
1677;8646
5029;630
2068;8809
1676;6567
4503;1002
4394;7195
729;5720
5059;6
259;5367
6487;1732
8602;5861
5347;3201
4977;2693
2162;8903
9901;1031
617;7275
815;4054
5774;743
7095;6522
9907;9769
8135;3612
4148;4383
569;8703
3742;8770
7363;2798
4288;3354
3411;6156
3234;1735
3060;9748
7448;1619
6112;558
8920;5865
5507;9022
6488;1838
5339;4327
7140;1424
4433;644
3155;9134
6564;3166
3592;4845
3997;7021
6151;7972
6558;4354
4645;6114
7382;1781
2892;6593
5966;3661
6824;5167
3586;6743
8286;3875
2350;5917
2498;7199
6991;8737
5795;159
4741;9079
6193;6148
3090;638
4723;7301
1638;9731
3406;6342
325;7611
4550;8748
7872;1433
5221;7946
7831;2276
7684;6185
5882;8038
3784;365
8353;7003
4215;9060
1916;3460
6121;984
8092;5318
2600;723
5557;7607
5838;7381
7243;4292
2928;7204
4667;9985
8658;3462
9149;3959
6683;2282
5271;8530
3115;3995
1117;6720
4451;1145
2190;8147
9671;7885
1454;1952
857;3458
5428;781
5149;2658
625;6779
4806;1325
9816;3613
3462;1193
985;4871
1245;538
154;3910
5388;7589
2013;1057
5599;1854
8519;3581
6690;6245
3642;328
6006;6537
4626;914
1109;8496
1099;9327
2135;1967
8395;170
3819;792
5005;6759
8185;2744
472;849
3158;2075
196;9498
8611;8807
6457;1448
507;4486
6571;5518
6426;6790
2193;1587
2400;5440
9373;1837
3215;2832
1861;4727
4820;3007
4535;397
731;9294
8845;982
115;4701
4436;791
8517;5617
8113;3413
2149;535
1570;738
500;1705
9687;8266
6090;3745
891;9174
9736;4028
5644;462
5114;9248
2064;3708
2250;7427
5447;5992
3585;9428
6795;8569
6807;2826
6324;3408
6910;6697
7453;2326
7238;6581
8157;379
8014;3714
5788;1435
4404;1274
1092;2600
4593;7700
151;7563
778;7385
3243;1347
3729;7034
5654;2314
1205;976
473;913
5326;888
9415;3611
5087;7735
4407;8267
4114;9757
6458;7339
1150;4405
8195;6261
8718;4169
9661;5849
9275;718
5085;4881
3239;3558
8300;2135
1685;7724
3904;8589
9946;8745
965;5582
81;3880
4620;8284
7381;8232
6966;526
350;8177
7314;2913
5417;9780
7879;5555
8501;7380
3759;9052
8210;8279
3707;6143
3805;9957
9621;185
4490;1544
2358;8086
5027;7920
37;5851
1319;4191
1882;2007
1264;8972
1179;6203
4655;1389
5864;1582
422;7194
1011;5047
605;200
7683;5675
1590;3687
5632;2876
1149;4923
1731;5760
5889;769
1336;3618
9163;2218
2781;728
6998;9704
5424;3847
8205;1654
941;70
9060;483
2788;6035
3804;3272
8096;8689
4623;8801
6512;1236
9354;2891
406;4242
4814;9042
2499;6596
3912;6639
715;1832
8020;3175
8036;4208
4366;3373
7061;5549
2732;7490
9539;7091
1671;219
4201;2304
7119;8272
9273;2636
6525;2579
6016;5982
9998;3353
9584;62
9372;7557
1723;7067
1650;9201
4816;7944
6598;1179
4827;5044
4886;434
9705;1813
7037;4030
5712;3628
7730;1841
9396;1998
4730;771
7919;4265
1214;8558
9384;5160
8628;9273
7458;7429
5650;5480
1562;3103
5208;9476
4983;6584
1530;7854
2674;1940
937;6687
8261;4053
3516;3742
3419;195
6671;1420
7913;3912
8855;609
6835;7716
6929;1391
2486;5880
9745;593
3859;7517
2908;4489
7694;9934
5415;2595
262;5986
8190;5335
2047;3476
7587;4469
1466;2773
4664;1455
9997;2945
8227;1085
5758;3826
7099;4542
7043;3804
2925;9346
6658;4360
9228;9224
5972;4800
7541;5959
6465;5756
498;1123
4273;5032
8097;4677
7753;5343
323;5319
5733;9027
4874;3237
1706;1374
5492;5871
811;954
5870;3893
9406;6561
7874;5877
4901;3396
5965;8308
7265;4550
3444;7619
4416;2090
7525;118
8421;9517
2798;6214
6711;8549
1739;1511
1343;8851
2962;8041
4764;7493
8654;7672
8121;1437
4575;9881
4193;484
8715;8163
8821;4456
369;5991
1126;86
523;7897
648;9274
5591;3807
5633;4947
5212;4584
6329;88
2808;1287
6483;2726
7024;7090
478;8422
9014;6917
8639;9496
6268;4569
9418;8922
8506;7582
1502;308
2156;3782
7200;8990
3612;8890
3295;5216
4116;7814
2648;4629
3970;6332
5283;4879
4120;5936
3950;9537
2805;7826
7873;1222
6257;5531
2520;4462
2935;2125
754;602
1008;7911
9219;4002
4830;3652
17;8504
8405;1425
9774;7391
9517;9963
7928;9194
2569;9392
1834;6965
3731;4084
2183;2505
3603;7729
93;7200
5922;7851
69;9077
9596;8608
3001;7149
293;7232
8958;2124
4089;2416
4277;2737
7619;2730
7399;5157
3887;3054
7276;1730
2744;9228
8802;2472
6377;9672
8825;4502
1752;6889
8707;9574
9658;272
3589;6832
5442;5099
1600;9854
9931;5961
388;2262
5018;8118
8485;3879
8010;4304
7605;105
6579;7298
5206;2003
7543;6748
7018;4697
3377;7836
3813;7824
6786;4674
4343;6871
466;3732
6593;2734
3639;1815
8369;6268
4570;7717
8026;2170
8308;5863
5181;4578
5612;8516
2372;5197
9700;6662
8013;5130
7106;5444
9708;6521
4599;7316
3741;1678
1607;3141
4440;8678
5726;8512
1520;4555
4861;8311
9460;198
4706;8341
178;6727
9091;9708
8679;1081
2794;3130
6651;7774
4601;9045
2238;1579
3717;112
6219;6441
9869;2402
1249;5923
597;39
4058;901
3332;9305
1269;3844
855;3606
6476;8319
4314;7499
7538;8893
3441;2583
9559;8575
2766;3923
3267;6392
1793;7862
1275;151
8747;7890
7898;1404
4553;7156
6316;7712
8600;3466
9605;7309
7971;1459
6428;7786
5272;3111
2897;7045
8530;7728
9720;3034
382;223
2283;3355
7868;1239
8923;7915
1076;57
2951;7000
9855;8704
4144;9106
1178;676
2375;6716
9003;3713
5000;1139
9496;4975
6397;1965
3710;5666
8170;2617
2430;269
7602;5114
8690;2873
6142;7450
5569;9061
5014;4991
6416;9737
2665;3984
2387;420
3870;890
4213;2853
3945;5430
8024;2301
489;4945
3587;6246
5978;7596
1640;8044
5220;9436
1853;6250
5526;1
3753;5428
1408;3930
8494;6562
7227;8315
2278;4448
3857;10000
8326;1076
2422;6854
8119;5003
850;247
130;6766
9218;8484
2395;4430
3321;5554
6933;2613
8062;8597
727;3220
1080;6951
3745;7467
7441;9984
6985;9952
641;7548
3027;9523
3000;9529
7553;1149
6563;6954
213;4640
8290;3729
2742;1642
4798;7884
2485;102
2687;9678
136;8412
6437;43
9784;9334
9950;6360
1654;9865
6119;4737
6263;7340
1132;958
3604;3484
324;7958
1300;4496
6450;1527
1074;6636
8830;6675
2626;7043
9367;3079
4352;2501
8598;4653
1943;3704
2936;2941
7076;8227
3292;9177
4767;2924
1471;9258
7844;4296
8496;7989
7573;4765
5322;5193
3623;2397
6420;9502
1656;6847
9215;3
2630;3812
1413;7875
3877;708
2922;4007
7107;6955
3787;1528
9505;130
4925;243
8456;214
6298;2940
7601;4064
3795;1143
3323;3049
786;436
4822;1225
2287;6812
6207;870
40;985
7507;5811
8705;5224
4491;2410
3270;972
9156;7594
541;6074
4996;2592
8669;8648
5269;8503
7578;4359
3031;2712
2733;2356
3748;2047
5950;9710
2968;4995
4047;994
1962;6949
2061;150
4024;3962
5880;40
5862;8702
924;6531
9793;5027
3385;6524
5170;7979
2896;7637
3110;197
6780;789
6946;2121
7708;6166
2734;5912
6126;3431
8079;7867
7672;242
6466;8048
7218;8171
1363;3128
1007;2204
6490;4819
3359;8380
5963;4190
420;8567
4297;1314
7112;2009
5152;7435
6859;2386
6840;5062
8767;2269
6857;3262
9938;1386
4159;5178
7201;9251
3992;2991
206;3692
5717;1864
5945;732
3213;4793
1759;7323
3695;6752
2519;3960
5481;4986
205;4446
4245;6994
2349;8306
6372;8325
1444;5070
1327;9667
5231;7056
1902;8450
5564;5933
8874;6641
2863;7571
8681;9739
2608;6791
9588;6492
4424;2346
4290;3412
6080;4883
1287;5651
2800;5916
3403;1212
2177;9540
2263;6137
3196;2256
6209;9882
7210;8896
2820;4648
762;9792
8915;263
374;1098
4929;1687
391;7145
9961;2111
2768;9933
3689;5263
1239;9032
845;7256
5434;6852
6040;7694
1293;1144
3936;9339
7252;6449
8214;7479
9604;9041
4249;4066
8740;3012
2790;2953
2855;8060
8773;8109
6680;6434
224;2286
2402;8034
4035;8033
5474;6032
7464;5107
8949;3204
6137;4506
3394;1989
8894;1861
1215;810
1317;4051
5071;8221
4678;1039
5771;2779
7650;376
2436;4063
7057;5496
7296;4174
9819;9774
4034;8012
983;1848
5558;8914
1546;9500
5940;9490
7901;15
7354;651
7689;5978
2429;942
9988;6794
958;8614
5716;4278
6898;6883
6530;2236
1131;7230
3660;6305
5542;7272
7171;6830
1799;9411
6650;496
2438;7793
7637;2024
6385;6271
1995;5240
2296;6301
3309;124
7830;8755
9839;3172
9082;1966
5600;8731
6024;796
9087;3783
4122;9243
6351;6568
1683;4074
6009;3100
3998;9320
5497;3439
2676;788
7786;3447
3347;4009
8436;5034
1049;1920
5153;3494
5975;1449
6449;2380
8827;9874
1769;6042
3069;1829
1518;2051
9049;2224
4915;9372
6554;943
4868;1317
2772;3410
7800;9376
1414;1184
4112;6879
2093;3919
3120;3401
9134;7237
1846;1798
6613;2897
6065;3011
7804;5842
3543;1635
6580;6432
2881;3607
7682;7118
9512;9477
9569;7661
345;5013
7443;1622
2419;6914
5986;5682
4890;1356
1035;8775
4573;8239
8743;2016
6236;495
7040;4070
6342;2205
1163;8156
3296;5843
3144;2578
2131;4681
6089;1227
3917;4272
1297;5814
239;4082
7758;9491
6545;9076
1101;6696
2905;7069
7162;7109
3432;6469
4280;8911
3498;5182
3375;8409
3959;2702
7225;6391
313;747
3160;5326
4013;1561
2913;3656
4348;8631
9299;3336
8341;8574
5958;1244
6626;5100
3770;3500
3820;21
6441;9759
6552;6872
2783;9653
6790;6453
5806;9612
7876;5423
5597;9605
5619;7848
8621;8690
875;3554
8646;839
640;7135
8799;6903
5438;1868
2667;9745
6349;5637
2057;2850
9086;3173
9475;629
9350;2408
3281;5088
4126;9275
6205;4068
1436;5373
6406;6643
8244;5530
4825;512
1349;319
7801;7756
8811;6878
2865;3854
5105;4353
8254;7436
1910;84
3198;9822
6057;7937
6667;7449
7875;9924
7117;1825
9065;5212
505;9187
3175;1255
1482;8789
7463;631
6553;2166
2513;2651
8074;8824
6484;6000
9602;7443
269;6858
8907;2942
5427;7579
2394;5731
1652;3024
3299;4748
2154;2666
2578;8180
5496;165
5906;4805
1580;9090
3447;216
2046;4001
7478;6824
629;7719
4124;9565
8988;5781
5454;11
7114;9607
9843;6982
428;8155
7542;6375
8430;4346
3208;7699
9324;3717
8691;7430
2060;6820
8333;4308
1152;5542
2864;4666
7336;2800
6312;1471
6514;2021
6773;5883
5627;6985
5684;8100
1716;3183
3434;1910
1464;2839
4342;600
8786;8423
9615;7678
2686;5492
6897;232
8324;686
8937;8244
5830;3107
7861;6729
9012;106
9041;7654
744;1379
9467;9578
5643;36
9563;3293
1526;1780
1199;6090
9763;1312
9942;6500
876;2634
1554;18
3078;428
7932;4894
5804;1192
1227;3226
6980;2882
3713;6515
8030;2025
1294;2392
2543;2861
1911;8900
7676;9968
8778;6367
8844;2875
5260;4426
2212;5305
2765;9848
3946;5378
7124;5662
1420;1874
5837;9777
7886;6331
7366;9410
2539;193
7755;1068
1588;2177
7230;1070
6954;148
1696;7410
7263;5236
3984;8280
5453;5170
1098;5817
5659;9395
711;3174
8107;9674
7539;6446
3187;5870
9572;3830
5694;8256
9887;1436
3341;1395
7823;4440
6504;6323
4887;1881
9504;3720
7991;3677
5556;8621
5159;8998
747;274
368;2200
6870;1495
2318;3935
6124;4056
1726;2906
1039;4977
6664;7269
8597;3662
6647;4969
250;1717
4098;9921
9807;797
7717;490
6609;2479
3023;9576
7180;7458
2269;3528
9250;1807
214;2497
1745;4006
7357;381
1890;9003
4687;1375
8630;9762
5214;2502
5364;2270
4481;1267
2807;3092
2407;5364
2737;6730
6325;1440
1235;5947
894;4188
2795;7910
6025;5127
5345;4330
982;8203
3978;8438
9865;6244
5144;731
2320;6206
9204;109
2952;955
1209;5543
5793;1240
5063;2678
2204;7711
6413;5990
497;3777
3352;9017
9849;4395
899;5066
7135;8541
3101;1220
967;267
5465;9956
8493;973
129;6023
7715;9725
8177;2481
5267;8812
3828;6665
2179;82
517;2542
8739;7978
4900;3364
5258;461
4633;3856
1564;2787
6702;2434
4284;8913
1923;1272
2705;368
8761;2566
8305;6868
6539;868
3230;8211
1283;7001
5101;4104
4668;5541
3728;6525
247;1006
5722;8472
193;4938
1017;3631
104;1388
5845;9916
3035;2552
9409;2419
6755;4504
6556;382
2748;5909
7692;4189
9121;6578
5033;3442
3509;4343
9140;7389
4412;9802
5944;8677
2907;3296
2700;9207
1056;700
4076;7899
650;4303
4780;9337
483;359
4888;1919
9509;6587
2502;8813
3616;3622
6498;5903
5240;3797
3251;895
288;3254
664;953
1715;3334
8299;4907
3471;6896
8887;8629
7477;7894
5808;933
9067;6183
38;7346
9310;9279
7485;3817
8783;6919
5576;7206
5412;8915
7845;2616
7953;7028
7595;3871
4195;251
8939;8725
1583;2287
6837;8906
2303;8213
4409;5663
7670;6037
3843;6683
7628;1531
8708;8098
7278;8767
8029;2918
4954;9147
7795;7931
8622;6017
604;1004
3907;1214
6309;576
8781;1235
5573;1581
1356;5623
356;1099
1951;2824
3219;6483
3596;1639
7621;4320
1361;4459
5002;7627
8684;4347
3886;3106
5589;7553
4682;2147
690;7114
2789;8087
5341;6601
4233;7829
187;6881
4625;3323
8986;2442
2779;5304
6199;3037
2342;1151
7947;722
612;6733
1821;4778
7799;3525
7678;4900
6715;3877
8229;6297
3022;9594
1900;172
5331;3163
1836;2102
3858;2173
9696;3099
8375;7664
2749;3805
8867;8103
9412;5109
7492;6702
3823;9514
4008;5801
2195;3482
2452;3561
7611;9175
8746;3405
9283;3330
945;6990
3768;2119
9543;3991
5955;8178
2912;7544
6447;2782
8586;5317
8155;378
655;5098
4775;1564
9544;9180
5868;1761
697;390
3885;9800
862;5411
8642;8585
5900;5855
9088;9872
9132;4607
9890;6204
7389;1284
8336;6430
7983;6263
9908;371
1531;348
8331;7432
1826;5342
6003;3118
9885;7636
240;2604
4446;9885
8507;5804
3428;2526
1265;2249
6060;301
5538;564
7501;9438
6164;5678
9713;655
8903;1907
6540;4055
493;1259
5780;4253
4001;5199
2803;9310
4275;6925
8537;2645
223;6782
8595;4283
5410;4450
4892;9599
6467;6300
1043;1486
6195;7959
7779;1853
1052;22
1053;8758
9564;2418
9321;2966
6693;5457
3594;9013
773;5136
4942;935
9527;3547
3654;3532
5399;8238
6771;6082
5468;3822
5242;6024
659;9511
8184;6754
9254;1108
5931;5556
410;3724
6590;4021
9380;9637
2337;1727
195;6260
1982;6217
1130;9026
5490;2278
6625;9773
7414;5119
1006;7459
3180;6663
8919;1308
6160;6623
9804;5972
611;1423
4772;5181
6429;9016
7481;9300
7625;5513
8176;6762
2625;9896
3421;6132
8841;4639
1513;9234
1393;509
3068;3108
1478;1557
1864;8376
5416;4146
9680;168
909;8464
6584;1615
5544;4721
4229;764
3002;5245
4428;9992
1678;7142
9992;8684
6914;5965
3308;7842
9664;6769
3736;2095
7108;2311
9205;8131
5769;9159
3624;1638
6494;8425
6572;5586
1620;713
3218;1904
2576;8259
1133;4621
6318;4695
1112;5911
4180;751
3633;8943
238;7452
746;2004
2884;6383
9001;6534
3591;1647
9524;9929
4243;2931
2385;7539
981;9374
3906;4344
3931;1493
9264;4466
7815;5939
7226;265
4324;76
6507;4467
8334;6424
7486;3790
9389;9796
5949;5371
3398;6353
649;3582
8859;4531
6482;9461
851;2020
4603;9744
3776;5747
1644;2866
5840;4833
4149;9888
2414;9176
8895;8763
5704;6278
5391;5041
3758;6652
9177;7898
7325;1001
304;1147
9595;2686
6134;2344
5959;9271
2679;3370
1798;4010
1917;5766
2415;1567
1188;6557
2735;8128
8272;3535
231;2352
6987;1728
8028;9465
6723;9937
4849;6416
8885;1213
2257;5987
1675;6796
9092;5086
9037;3234
4536;4441
7720;3409
9181;6425
9829;1633
1365;4171
3771;7014
2410;6152
910;9295
7358;9485
2268;4409
6355;4605
6041;115
5676;6102
793;4513
1816;2572
8344;739
7826;3456
3256;4537
297;2653
1768;2417
8545;7219
8039;3727
3644;9606
8183;4154
599;4734
4604;1797
877;7954
3842;752
6141;4554
8111;6616
165;1115
2258;6610
7736;2677
8837;480
2500;5579
3214;5622
564;3187
9558;1976
3427;5135
9271;5614
1738;7132
4399;5141
6308;8519
906;733
3122;7798
1823;4781
6672;9849
3469;3366
8532;5632
5535;2673
2272;899
9118;3587
7038;1699
1337;7182
3571;211
5953;4858
4253;8296
4189;1475
7726;9024
9112;9673
7834;5694
6374;1052
6821;5298
4865;7720
1472;9575
397;9728
7384;9706
8818;7832
2019;3341
2220;4890
7045;3221
3510;3388
7475;8863
4291;8269
8875;7462
8068;439
1748;3828
9081;8699
1182;8305
3091;2656
7242;4049
3124;715
8823;9696
3921;183
9192;8559
1051;8461
7949;8291
3756;8358
3277;922
5746;4170
3625;4220
7531;5772
4854;7713
2757;4175
3679;9037
5079;458
3908;4004
2477;4816
6027;6086
9754;1150
8868;3695
5675;9297
1801;2721
1107;5159
457;7856
1493;2038
150;4965
449;9088
9616;8397
1699;9296
6139;9685
6266;6482
2677;2355
1758;7158
1667;6455
1124;5970
2363;6038
7946;3066
6565;2752
176;4520
8878;210
3255;3509
5015;2679
5032;6540
1170;1996
7759;1038
9765;6315
3482;5438
3475;6933
4133;3036
9333;9549
5910;1515
6293;4410
2084;2903
4759;1985
6073;1293
9329;4877
8191;894
3408;8489
7881;7852
6039;6135
4640;6296
5875;7390
3672;9785
7725;8623
4423;4733
3693;974
4584;8591
8003;3604
481;919
7415;7741
5932;3977
670;667
5791;7612
3009;3269
60;6386
4449;6742
5319;2130
3540;5037
4081;5348
9376;1444
6311;8264
8576;3819
2474;1714
5023;1348
9214;8526
4545;1826
9319;424
2771;5925
2812;6066
3798;3361
8232;6660
6749;9396
6604;4788
5620;1025
6700;320
7659;4647
5699;1494
4919;4818
9871;9499
1298;2844
7267;6267
6398;4312
5848;8502
7034;3339
6685;5546
539;2026
5324;9096
9737;7480
8947;3215
2066;3908
9378;9144
6972;5902
8633;5969
9873;511
2758;1230
7080;9871
918;6778
2574;9454
8670;1097
7562;1373
3765;9738
3343;1934
2440;8003
9646;7804
2595;213
8275;3377
6638;934
9983;4529
6339;2079
900;9669
3422;6302
9279;9108
7963;4530
8071;2805
6234;4453
3071;6931
6846;6816
4292;8405
5310;9083
658;2999
6536;920
7975;5313
1406;4481
8109;7871
860;7152
5731;6938
9009;6946
2843;2265
4904;9403
836;5564
6952;6902
2547;6202
3178;6451
803;9190
7009;3000
721;5654
4062;4815
416;6947
334;2627
7917;5590
6848;5328
2070;4942
6391;1743
1874;8949
1258;8188
7756;7307
184;7970
7339;9971
5495;8344
117;7406
7635;6597
9820;4112
2035;9547
3297;3779
799;6547
5236;850
8697;4581
4259;1173
5313;8898
8928;4849
558;6873
2158;8390
8;7063
1648;7738
5246;5104
804;4654
1700;6840
1348;3766
7407;1456
9499;2535
6635;5728
4745;4335
5741;8282
9812;1468
2476;8477
3883;6415
2082;3598
7671;9086
4613;4726
8483;3845
5223;4192
9023;2511
5128;9572
4004;9624
8482;5418
6445;2338
5664;9288
9824;1953
3863;5524
6999;8576
4974;5534
4484;1408
3150;3257
1438;2117
4649;656
1614;9862
4750;7707
6265;3702
2291;4148
3703;6444
7523;471
3087;9778
562;3924
4392;5168
5814;5884
6757;4698
6769;7977
3245;352
6067;8692
9629;2293
5801;1105
4634;3490
6801;9112
5299;8556
7667;583
504;660
2244;7524
3025;8111
3414;8150
4766;4914
9035;3326
3311;9218
873;5275
3548;7613
9921;4477
9476;714
4329;56
2403;173
2746;220
7978;4297
4421;8797
3061;3621
4362;7987
4452;4182
5309;6835
6725;2058
3573;5085
4184;7327
9888;669
4244;2084
8416;7503
3117;5425
7338;5273
1370;5235
2216;7046
7113;3979
7233;9221
305;1464
6480;184
660;8782
8955;9018
7369;1986
5772;9819
3125;6953
8359;1844
5621;1336
1519;5893
8735;1447
6586;5798
9532;4885
9974;8787
4971;5215
4179;7216
6805;2456
3850;2764
3313;5957
8284;132
8583;6699
8173;1923
6194;7474
4153;1503
8021;615
1276;1429
1462;9856
191;813
3626;5448
7079;7002
2321;3300
359;8880
1095;8304
2484;9198
8276;9593
1875;8656
5396;8780
2752;8492
1727;5362
1423;7377
5187;9325
8383;8350
2217;9670
8089;2233
6103;7876
4895;848
7939;5523
2276;3711
4007;1640
5520;28
4711;3954
4807;1810
3537;6100
5879;9363
6238;9417
6250;3374
4183;2529
4344;4159
6823;8968
7918;6170
2566;3246
7447;574
2343;1017
1724;122
3106;4139
1354;7709
9225;6792
9017;6943
9655;2436
1002;2467
6644;504
6916;5689
3285;9801
7927;4345
3157;4460
5646;7505
448;6579
7138;2091
8668;7731
3143;9302
2420;7369
9771;5980
9363;671
1274;482
8329;3793
5419;134
5977;4013
167;171
6274;4290
9756;5477
7709;7354
5534;4090
6370;6780
5265;6911
4843;6190
4761;7315
4002;8369
9990;1046
330;2423
5066;1624
5572;1376
9800;2789
5952;9257
9548;5693
8423;6238
8149;5247
3986;1441
7322;6900
5158;2288
3911;6393
6965;8414
158;8320
3283;142
691;7787
50;6501
5376;6811
4486;6407
516;536
989;6057
1111;9236
8189;3770
3640;324
9432;2244
921;7300
6214;7863
2457;2471
6489;9223
7170;7510
6905;5562
8043;6993
2397;3263
4934;3802
2635;4195
4910;8067
7264;3586
8447;5748
2659;8873
7150;605
4127;2116
5896;4337
1713;9531
29;7368
6938;3800
9693;2292
4161;524
8338;4285
7047;5561
4498;3222
2167;2199
8294;5116
9083;2536
9741;783
6348;1422
3675;4543
6127;8008
6247;1465
8713;4758
4108;5272
2141;3964
7675;9306
4637;1723
3192;8551
5560;6589
5718;3474
2961;296
4473;1096
5296;8830
6761;7440
596;3332
2059;937
3619;2246
2010;4432
6081;3699
5141;9982
253;5577
5414;1202
2510;4794
9483;8907
8179;8049
8181;347
5366;2043
6037;1300
9024;6034
2390;2261
6919;5718
7234;7048
4941;6259
6520;2065
9902;5696
2075;5823
9637;474
5628;1194
