3548;7038
8632;3535
9633;5044
5266;3819
5290;8223
637;8831
2906;2513
7138;377
461;8579
8040;7078
2629;233
3822;2029
5529;5680
2914;1476
3871;5306
8578;3590
4499;8937
6410;7074
7857;857
5222;7225
7021;1527
7148;4183
3632;518
5557;7028
1626;3939
8754;9605
7968;9698
9672;9442
1224;819
5299;6464
5065;3127
1460;7863
4525;6290
7539;7740
135;2541
7085;1382
2832;5917
8480;9043
704;5329
6962;9299
4955;9389
4981;5379
7910;9392
7347;7501
6660;1776
8002;9596
2462;3011
8013;826
613;7168
2333;7651
5616;4319
1235;1967
3925;3840
8774;2806
2928;3655
5604;8457
5355;7942
6710;6043
1497;8030
20;5696
3374;2304
7354;3710
9979;301
5372;9697
6097;6107
2327;8281
611;2183
2210;1687
1446;5815
9430;4238
2179;1247
3780;4280
6735;373
8973;5787
9691;8764
1733;1004
883;6062
6948;9583
5364;7924
4494;5663
1754;7205
630;2993
6964;5565
7414;5133
9221;3584
5766;5866
5798;480
829;2870
9556;4155
7497;2738
9982;2840
4016;1445
9270;8676
1283;2650
2693;825
6466;3463
9645;8283
4344;7977
7666;8060
7097;8638
3501;6376
6223;5514
6050;216
3465;4216
8260;3725
8562;7902
1863;5181
4052;4251
3183;6968
8010;4059
9614;7534
8044;3656
5779;8715
8063;4890
4342;2990
2109;9411
6297;2767
8151;2802
7638;7167
2227;4471
9671;4301
2267;4281
6358;6392
4337;9787
1459;4707
8173;863
6141;6633
2704;6506
9737;1393
2755;4658
1888;2803
8084;6889
6992;3617
4583;7739
5201;7584
6092;6906
8756;4074
6815;1763
1667;6796
3612;3089
859;6961
6739;5088
506;1809
4990;47
7518;5140
5125;7990
1879;3472
6679;3445
4698;2500
7127;8099
6871;7539
9752;4578
7093;8507
8325;2366
4236;83
161;2942
6186;7480
3307;2636
5565;2148
6051;8877
8971;2122
1266;8972
6374;6857
4914;8933
3379;5349
5764;2533
228;4237
900;9625
4207;5961
5227;2295
4915;4533
8379;9303
3022;1505
920;4188
9269;6334
4581;547
262;9642
6472;4516
3843;9196
2276;9776
6053;7766
9971;6772
5129;3515
2030;3536
5487;5028
6474;1179
382;5053
7102;9791
7500;9253
3951;8939
356;3462
8702;4627
6517;15
7173;7131
3641;9663
2383;8760
1598;8407
2439;5066
8574;1340
1193;2431
9527;133
5405;1578
7368;4063
3227;414
3993;5882
5092;7620
8626;2197
5242;6790
5559;1351
9001;7458
2837;8532
4737;8068
2534;1682
8289;7497
4241;4297
3647;9658
5224;2025
8232;5869
8575;6848
9665;5214
4662;2388
4628;6870
2939;320
1081;3701
3855;5235
3640;7549
6322;1165
764;8714
7190;1736
2429;9845
7849;8441
3221;382
1605;3513
4442;6851
6465;2478
7180;171
1369;6038
7174;459
3814;6826
7442;5347
8321;3474
6336;9378
1447;7577
6868;8736
1373;7236
2009;7301
9940;5721
4566;1611
5136;5772
7748;9875
8243;4971
9015;9721
7660;98
4045;5047
125;9585
8219;1089
4461;8160
6431;2704
6455;2676
1415;1496
6318;7970
2908;9393
1307;1874
8454;827
5806;9139
5170;8448
6271;5905
2307;6390
2320;4356
5403;365
2452;1692
94;2101
6290;6368
9496;2598
8703;7904
7067;8781
6723;3092
7068;9844
1260;5722
5759;6801
4115;6430
2104;1702
8457;912
2036;2983
4618;4540
4152;1419
7325;5807
2215;302
9580;9117
2644;2458
4674;7821
3626;7808
1298;2231
729;4829
3773;6467
3866;1331
8296;6520
3905;4286
2368;913
2477;411
1617;7300
3757;9091
8923;7270
1223;9552
7996;4141
148;6903
7554;3678
1354;1830
8046;9558
4239;7518
9132;7113
9101;6474
2596;4955
460;9408
1376;8768
4775;8924
4949;73
6747;9652
2526;9149
230;7682
8894;7193
6288;1424
429;7427
5038;329
8905;4674
9494;376
5711;7104
4083;595
3816;5633
4055;5300
3555;962
7672;9229
2271;7552
4325;8537
803;7918
1083;3447
6858;7720
7344;7968
736;4089
1304;987
6339;5804
8781;9450
2511;5002
9486;5125
6114;6238
2551;8086
4095;9730
1851;738
6229;4228
4197;3358
2721;9864
4399;7748
4984;2020
7317;312
4881;7860
6623;4115
7279;1218
4283;5746
3717;6170
6402;1065
5698;5141
2470;9443
9342;3828
6026;9896
3682;1318
9457;3318
7116;933
7960;8587
2135;91
2555;5753
7349;3365
1772;8181
1268;4699
268;6235
4854;3903
6564;2473
3308;6768
4160;977
9398;5653
6764;9180
7382;8591
4188;687
8278;9569
9793;7229
9613;5310
8629;8611
4403;740
5187;6831
9664;6149
8653;5893
6628;1011
440;2372
1913;1556
2132;7956
924;387
9776;8168
5953;2373
9862;1427
5172;6759
3649;3106
1082;8804
7285;472
936;4467
7156;2495
8866;3162
8416;2600
1411;9764
2825;5068
2114;7365
2931;7809
6199;3325
6154;9380
3528;2438
760;4448
5251;5790
7642;6249
8611;7457
214;8980
1745;3663
1815;7602
8613;7437
7;5143
8899;6150
4200;3994
2354;574
6447;4913
5305;9487
5768;388
5213;6980
4450;7046
3541;4712
8865;8617
6069;3446
9616;1893
3684;7137
6449;6507
8131;7769
6864;681
4645;2356
4251;3752
5127;6399
3964;8427
4526;6613
5898;4152
179;631
2570;9610
372;8687
2139;1343
1291;1971
2387;802
4717;5332
5376;3321
503;290
655;9438
8130;2250
4013;8916
3860;1092
8111;2116
571;2328
7397;1201
3087;4911
1719;9935
9550;2808
1786;2282
1846;9573
9964;6542
8680;1616
9640;9621
8917;538
428;7759
4273;4147
7042;7668
4418;9686
9448;9372
8373;4476
7154;6391
791;1251
8733;9094
4944;4973
3059;6097
5949;4085
6492;395
7848;5092
824;5981
8912;1366
7334;2419
8451;9742
2818;9437
8989;5087
2900;3222
9023;4631
5163;2251
7991;918
7927;1667
9566;808
2677;5839
1163;1302
6644;5343
954;7220
2776;5987
5316;4338
4584;7623
400;5340
9920;7676
9943;4242
3351;8490
8121;2139
4759;2684
493;1895
821;7363
6562;4657
4040;1652
8217;6824
896;6344
8248;8957
910;1953
3661;1307
6555;4777
4639;6981
4124;9099
2666;6780
696;4038
8402;8459
1871;5962
8508;5995
6143;3033
7852;8887
5078;8584
3148;8471
7378;9447
7388;5518
9133;899
1816;1845
4884;113
7685;7170
8953;2166
1776;837
554;103
7531;9129
5161;432
6012;4624
5554;1961
4615;7930
4263;7703
6110;9857
9524;6665
9454;6631
1573;7120
6453;8995
4806;4100
779;4296
7218;7090
5149;2290
1736;611
1157;2314
5516;8413
5970;8718
4722;3524
1352;6489
7656;4312
3611;922
9383;6166
8301;6457
7920;1521
1158;7527
2782;8178
3654;1337
1344;9541
3927;4733
8827;7666
906;8666
278;705
5505;8177
5130;1154
2694;9615
2549;6757
3214;2241
8994;1147
2533;9909
1910;5579
7144;1116
4589;8674
8162;9562
4644;4603
2821;6726
1455;5900
3974;1544
3274;6358
4356;5378
4187;9714
3099;2348
1669;4246
4097;6234
7506;904
7821;8059
9493;8133
7571;7425
3204;3373
5489;7015
9535;9995
8247;4768
943;9138
1410;2768
4883;6463
8795;8577
6433;2136
573;1644
1661;9739
6094;3165
9442;2507
6719;5567
2854;4918
4336;1429
7211;8743
5556;4744
1397;8847
5813;8615
533;2584
8897;5201
4343;2617
3428;5065
5031;5318
6540;8372
298;5647
1515;5589
7315;4975
8176;2337
7405;9235
2241;701
8863;1695
2580;4311
9243;256
7855;6797
2142;1488
3355;2008
6572;9416
2035;7575
8650;9826
1434;7762
9273;7387
1730;6400
6405;2196
3113;4962
7608;1073
4835;118
2700;3320
7605;7681
5634;824
8210;2205
7332;5245
5936;1563
1495;2875
2010;551
8181;9266
9418;9685
4531;9200
471;1262
9892;6424
6384;8202
9699;7895
374;9912
1906;8656
1340;5493
9341;504
2469;9797
5910;4714
5726;4233
5427;392
4731;5901
6037;7952
9052;7928
4294;8071
7420;4180
9026;6439
9325;3436
7827;3230
9554;4652
9840;9959
6276;77
4506;5113
250;5708
9434;8026
1;7688
3551;5375
1255;1303
5542;3743
2824;4513
4121;8970
4962;7098
7495;1613
3207;5102
1806;7861
56;9204
9075;4705
3965;4159
1608;565
8087;5794
3432;2690
2875;4084
6600;3798
5360;4904
5816;7573
1416;3594
3034;6298
1092;1163
4913;1183
36;8755
2028;540
5965;1875
3603;8628
5818;8604
7111;776
9088;8057
8019;3722
6683;3829
399;9859
7413;5423
7403;1221
4527;8818
3430;1866
1581;6612
459;9434
3978;3721
8854;1541
4953;2508
1516;7311
8444;1952
4869;1352
9306;1085
3764;4167
2110;3979
5191;4027
984;6486
5341;9641
2902;7277
8262;2141
1294;6011
207;1721
7009;3711
7035;8391
5631;5030
4406;275
3425;1054
9039;7581
9824;2265
3178;4070
1473;6944
9779;1151
2432;2177
5103;2855
5435;2498
4749;6425
3846;3157
7933;5732
177;6026
9758;4649
6397;9522
8207;9842
6770;8828
2082;8603
1551;5076
5099;4920
2410;3326
7988;9594
2978;6817
1644;403
1421;5904
867;666
4469;9430
6046;9748
3865;3478
1538;93
3939;7791
511;2841
2209;9908
9112;1033
7837;6340
7918;7007
5287;5886
4219;8449
8514;1520
8462;4097
5870;6557
689;1136
5537;5213
2066;6437
7854;3006
6349;7380
2314;7959
7665;7607
6425;8758
284;6112
6541;1646
9046;2742
6556;6090
6606;2566
7273;2913
2812;8838
2279;6115
9119;4909
8796;2936
6809;852
187;9292
7949;8268
3995;9290
1048;4941
1524;357
2664;2999
6988;2245
7564;8480
5437;3610
7526;9167
1935;1220
416;638
9915;2663
7926;7493
6063;8900
6521;668
8715;4396
7704;6888
2062;9478
9735;9153
8390;924
353;4938
644;184
8892;2490
4298;8113
2372;4759
8442;5206
724;3745
2574;389
2633;2722
4530;9347
8238;3675
8196;3588
9754;9761
519;3067
6135;7502
5922;1295
2645;2850
8253;3620
7964;842
3236;3940
4460;531
8805;4360
3834;8486
5733;1105
5436;9746
5668;5134
3663;9171
8780;7207
9755;3921
7149;553
8533;7964
3553;9410
1887;1827
6882;9988
7311;5920
3081;6253
7814;8626
8540;9704
7718;6775
5576;7656
1125;1216
4355;406
6476;7411
828;2247
8165;5074
6866;6829
8366;6552
8708;7000
4907;6143
2917;5494
586;311
756;2130
6399;9016
7052;1459
8360;1936
6079;151
4041;3707
9761;9930
117;3201
6347;6585
7056;3785
9730;5073
8197;884
569;4620
5867;4013
4807;6182
7124;9843
5139;4734
8544;2610
5532;3177
507;7484
6883;7893
6057;4974
5407;8378
1124;1850
7580;3014
9549;7029
6697;7147
3606;9514
8001;5354
524;4600
8800;8185
8676;8538
1250;8264
6899;8855
3122;5129
5998;5274
6002;3305
5848;9423
6313;8021
8748;4663
1939;7842
7087;5363
2078;54
6637;339
9025;5222
9220;4857
7737;5261
7736;6426
4921;8065
8028;4795
3660;12
22;8795
8792;9122
1211;7983
2843;4446
5687;13
5330;532
9888;1642
3699;8271
9209;6500
5993;9561
594;6771
5492;8947
7337;682
648;4290
3987;5103
4783;5432
2164;2093
5040;5172
3261;6078
2359;5903
2128;7818
3182;4932
6677;7505
7432;6188
7618;6035
942;2424
1181;9468
7689;6735
2920;549
9773;2112
8152;2019
5859;6208
1021;5932
8913;767
3062;7536
1839;241
5461;9958
7693;5585
8822;3790
8812;6462
6030;8014
1191;1063
247;1101
1182;7059
6134;8275
1951;4623
9044;2308
9238;6691
7509;7702
9958;2833
5052;6811
2618;4809
7962;1260
3370;3580
1949;7665
4233;2285
6286;7454
4366;841
7846;8129
5493;8773
4464;3682
8107;9385
2250;2469
3954;1992
3445;6807
3253;8328
1361;8466
8;3732
1232;4698
3013;6876
292;7757
311;6389
6593;4671
5398;8599
6721;3496
1078;4517
1769;5820
9353;3035
1734;6328
6695;296
6789;5186
3188;2271
273;3661
3530;7173
5414;3153
2283;8041
8150;6519
7216;3596
9537;8563
5433;4605
8456;4664
3089;714
1189;1406
9974;7914
4322;6226
6479;9323
6738;4082
5248;6932
8799;2858
3658;7559
638;8342
8211;2482
2725;6240
9452;2680
7530;8217
3911;2643
4001;9819
7137;169
1563;8062
7307;8029
9098;2286
3799;1981
1195;3054
6983;9656
5104;9228
6850;397
5677;2321
3387;1135
8400;2515
6071;672
1544;9355
8932;8025
9872;7989
684;3654
1005;1362
6456;9165
4487;6012
2500;1368
6281;3909
3262;8613
512;1934
8867;8632
9706;4209
209;3706
4536;6490
2153;7023
5611;5658
3066;8003
4613;8018
5860;5211
4493;1402
2457;306
1798;4241
9882;7595
8437;9577
1565;8949
5226;4994
9423;626
1748;5971
7664;9267
6561;5184
6778;6729
6516;4304
6034;5442
4970;8135
5421;3369
3002;6596
3914;5880
6808;8996
781;1176
5358;1635
4696;7233
6161;8925
5370;2090
5319;8521
887;2883
4409;8409
885;3763
5394;3686
2318;9591
7411;7330
4132;4528
6321;8988
7130;3854
154;3799
5552;2454
3119;7567
2989;3053
2038;9655
6675;6993
3456;7367
625;5651
5195;2713
750;6597
3288;5618
82;4838
5321;8205
2076;7669
6923;2938
3754;5673
1058;7075
3944;1941
3101;1181
1431;2524
855;4452
3972;921
3563;2115
7230;2945
7758;7056
8969;4691
8208;6761
3616;9540
9405;3826
2652;8671
6461;5335
3377;4622
1795;3865
2675;121
1847;5878
8226;280
165;6016
7013;8954
3080;5250
9585;8756
8878;9215
2758;7718
1368;1666
1140;5302
1540;4029
6583;6834
1647;1223
3705;2951
7723;2269
9378;4215
2408;4901
2508;8677
2055;4172
4912;6945
8658;7201
4371;9481
3269;7974
8347;4156
9302;7742
8673;2077
8047;5907
4732;3818
8949;2102
33;8697
7709;6367
7523;7189
1314;4486
383;2044
6855;8902
8600;225
8862;1742
4225;7628
5089;3936
6976;9064
6607;8097
9107;1517
8888;8837
9870;2401
1973;4469
1212;2647
8364;4090
5843;8385
2567;7180
2866;8424
645;1086
7016;3368
1595;9396
6746;8121
6463;4593
6736;684
8024;756
5620;9484
4612;8152
2932;4250
5488;4303
8155;5179
4051;7218
8134;7955
2231;4792
6119;1464
9541;4189
2127;7140
3354;5032
8108;4892
3358;1374
5483;3533
4398;5685
5717;1502
139;6331
4802;1947
9853;7410
3249;9618
6791;5697
123;66
9768;1565
9929;9855
1747;1005
2088;5369
7371;4064
911;2509
3318;7712
8168;219
6420;6739
663;9852
5430;9757
3268;2391
4313;4789
6172;5799
1395;7099
6096;7095
4048;5341
7395;2715
9839;7856
2378;7287
4771;3778
6806;5158
2037;8943
7357;2049
8677;4146
2545;1229
1313;8359
3595;3443
5539;2811
1708;4672
232;485
1967;9841
2585;5005
427;8472
2208;4629
4168;5239
4071;2770
7010;2156
1399;3901
2602;6549
4252;5501
5742;6465
252;3782
5327;5568
8177;5317
7361;3925
2562;3147
979;6165
9089;8904
4736;6297
1177;2709
9017;8999
5387;3949
1781;2984
2685;2355
6275;1680
4128;6420
3046;8111
7613;1522
6602;2333
7780;7307
6105;5171
4508;2689
8054;7495
7533;4535
9544;9256
1057;2336
9087;9445
3835;6069
9381;5326
7290;5229
1889;1974
7563;7872
2205;4445
3040;9829
5310;2577
7911;9231
5933;9019
2391;1453
7876;4232
6656;4144
5730;8098
2436;1190
4561;9079
5346;5560
91;3028
771;8008
2754;1013
3750;3681
5295;8869
6395;5705
7220;9217
1668;2450
8518;3729
5283;1168
8922;667
4860;2628
3300;562
8128;1817
8587;2385
3319;3174
3732;3587
3018;8918
9669;5487
993;8983
4756;9593
3393;6243
5776;688
1953;1074
996;573
5495;9174
3442;3376
8330;3845
9051;2671
968;7049
2467;1068
2158;8054
9751;4382
1692;7263
7702;5467
8496;2441
6549;6590
2892;4229
2983;4318
7044;5770
3279;5155
6454;528
85;341
6800;3270
5720;6740
1850;3137
7883;4069
8512;1450
522;1113
1966;5669
9207;8291
3423;6117
8290;8487
9255;7224
8380;3042
1188;7515
7957;7874
9081;6581
4331;9770
6957;117
8190;8977
1111;3613
7699;4531
3082;3080
3912;4342
6803;2719
7812;1518
8392;1358
5442;2161
8074;1043
2343;4569
8375;5700
6035;2906
5431;3249
1003;1019
9600;3418
4651;6033
121;3980
1142;5592
6137;7586
6512;3243
5298;2189
1803;2884
5682;4720
3619;1353
5512;4348
7980;3027
2919;7116
5719;3520
8204;3345
6771;6353
1964;8349
4603;7994
3008;1408
7364;8965
8120;1099
1826;7569
964;2608
7864;6169
4757;6493
329;1045
1006;400
3353;7704
8269;8345
4820;3275
2268;7164
4133;9260
6937;829
7616;6673
4009;5359
190;9352
2308;3770
5116;1769
767;1167
4642;3735
7757;3569
492;1890
7351;7012
3004;3975
295;3934
7306;8886
331;6204
4633;6516
8768;6878
8205;3409
9265;4719
296;195
4792;2639
5578;8830
9237;9417
8552;8403
1246;6014
2885;3874
8550;1513
9598;9816
7318;9821
4842;4208
4747;2891
1710;5022
4074;2347
6379;2127
8887;7447
681;7047
2360;6998
6087;5252
180;2352
9035;4390
1916;932
560;3449
6894;2451
9663;209
5282;713
2042;4178
6818;6644
2464;2236
2936;9314
3194;2778
5173;174
2426;3219
5426;2324
6203;2168
5478;135
7120;1856
9545;7494
9986;436
9918;8870
1282;582
5915;319
3352;8198
2404;6384
2370;550
9947;4836
2331;9084
4825;1056
6254;9477
601;8790
4262;957
7167;6777
9460;6288
9366;9028
7810;4697
7684;39
650;5972
2713;3059
4411;8491
5613;6836
9935;8523
2690;4662
4713;6731
7309;7337
7125;3537
8408;7284
7333;3471
9571;1686
2211;5963
9048;7609
9727;4314
2998;1148
7525;6704
3065;4642
3498;9617
7985;5542
2338;3521
1267;5998
4438;1681
4305;4582
6376;4243
2543;1415
521;7041
8215;4706
1328;2294
7981;5871
978;1246
5304;1540
5029;7483
8732;3649
6348;6312
8566;9182
8605;4639
8410;4746
8349;2021
1760;9354
2759;3047
8517;6978
4182;6716
9517;1377
7823;6624
5363;1097
9534;445
9066;8735
146;7770
4650;9601
8647;2318
4687;7092
7732;3034
3420;9175
261;4397
4542;1552
8906;2865
5940;7485
1427;3000
1807;6598
2339;9369
490;9166
9729;2757
476;7316
6460;172
8069;5631
4148;1558
2996;3005
8534;4863
7972;5067
5276;3926
1717;7422
2986;8256
7976;6511
9000;9628
4105;8241
9510;6228
5292;5246
8890;3138
7830;6741
4916;3009
9626;4220
8492;6079
104;4882
3408;3776
2582;7353
1010;9157
7667;358
2373;9277
1746;4295
5352;3287
8233;1461
8105;2848
3138;2542
7520;1170
3503;3801
3385;2237
1832;7378
4931;9756
4440;9571
2995;4787
6758;4182
8803;929
7951;608
7776;2520
2090;6626
610;5440
526;1079
9662;1528
8739;5847
6501;9210
303;5000
3812;7903
3502;9097
9835;3420
672;8873
9031;5075
7205;5427
8856;5344
6008;2046
9264;2844
2680;5782
5190;8043
3957;8005
8529;4504
3251;4503
4505;9882
2380;5564
517;349
8175;1421
2603;5123
6417;1933
1652;9082
2434;6576
1315;9367
2472;8771
6700;2915
616;4628
838;4823
4454;484
9827;4346
7323;3468
7109;4881
6875;2896
109;8845
1073;6094
3326;8225
8223;8182
5026;4134
923;1740
1600;694
4329;3417
6478;7978
5749;8496
1077;6446
3036;5768
1796;6355
6115;159
2441;5256
1430;6254
8355;939
1567;586
7185;5471
6682;1448
9428;4455
3997;2845
5015;6484
2809;1972
8641;1413
5259;4154
5199;1828
5507;3356
8841;2313
3832;9360
3592;4801
5151;960
8830;7196
2218;2587
6111;2000
4942;2635
1952;6680
7636;5521
2848;6754
608;9910
2397;7151
8785;4893
7853;7694
5924;6753
7692;5539
105;6406
5019;2916
9606;6083
8926;2590
6192;7585
5551;6914
1639;7063
4721;40
8681;4313
7421;2433
680;2706
5357;6246
3331;3859
1457;7018
3710;2817
619;9026
5896;8616
7993;8313
1356;8981
7681;8788
8475;823
2566;1949
7590;4949
9061;5756
8946;428
4980;5247
666;3651
4681;8956
4750;6570
5143;4450
4186;7692
8950;97
2531;6479
9070;6693
3418;2863
7294;8290
6267;9520
4434;2579
3733;6461
8858;1310
6242;7733
8344;6338
7324;745
3366;7690
5978;3225
5014;1859
6413;6450
7376;8428
454;5174
8350;1777
1401;4748
3336;1749
5740;3976
467;9733
4465;931
2229;4020
7648;7072
7560;9329
332;9982
5575;8866
1076;5989
8745;7725
2148;4213
3906;9954
7970;8338
3416;3380
7715;2452
5271;3343
3219;9214
9402;3262
8212;4831
241;2556
8383;5851
7441;855
9138;5112
2474;4377
615;7582
363;6341
4799;1276
9084;1480
5124;8559
5549;4738
8055;809
2963;6444
5828;7768
6170;8574
4228;4577
7329;8884
2453;5381
8977;4548
4035;9466
5945;4416
8935;1015
636;4736
929;9728
907;2386
1486;7282
8883;7947
8241;5438
8125;9744
9136;7308
2954;5677
9875;2522
5510;711
3907;7627
2520;4264
2106;1301
7209;3784
2107;9248
904;5498
758;9582
2836;7003
8372;2511
159;8813
723;6727
1475;7351
5746;2963
8758;2268
2686;4872
4422;2113
5434;9967
3811;2595
2689;6308
219;8440
3856;2548
485;6934
2490;1182
7443;9151
5905;1296
9424;4956
3477;5077
1606;9849
9904;615
1811;9708
1131;6974
4154;7231
8042;1215
4833;7576
9704;7782
4923;8047
8495;7246
2298;2221
925;3978
9284;5208
5612;8763
3245;8401
1407;8125
3469;6706
4204;4271
9109;4884
5944;157
6975;7397
2026;8808
6829;1969
352;8635
4157;1501
3467;9760
9130;5295
3577;5837
1732;3673
8401;4810
8158;3086
401;4845
3057;2547
9252;7175
2235;4595
293;4742
1809;8915
17;4207
5210;6518
1601;122
622;5200
4648;7252
8431;8476
2304;8529
4114;5902
5758;2306
4473;3640
6787;7616
8773;5402
8664;6720
2121;8896
7259;7522
9170;2371
7072;5858
9778;2190
6017;9353
4164;8749
3460;3822
2481;5757
5595;3805
2930;6336
7898;3190
1641;4374
8753;1372
4541;8669
1831;9716
3933;9979
4099;3543
2290;7145
8058;499
809;772
5553;270
5731;7487
4510;1849
1749;6428
5969;218
5590;1061
304;5755
8056;6806
6767;9598
7327;1120
3175;822
5624;7798
3433;2260
3102;3400
6243;7276
7350;1880
5850;2527
6759;3928
3260;361
9003;7443
5456;9836
8870;8368
3234;4830
6626;9131
7733;4354
5661;699
7277;8922
9908;4820
3079;1781
1909;6225
6340;2716
5408;3489
3874;4133
711;766
1222;8335
6625;4934
1346;5365
7888;5952
9710;807
6655;2836
1817;6209
1698;3604
4837;7845
6506;5043
2945;7973
9783;1730
9164;5512
5023;6923
8815;9629
6315;5189
2507;1189
6769;2117
475;6284
3363;9343
6544;1643
1310;158
914;9646
8309;9674
5479;9458
6576;1384
8062;8232
6584;7073
5644;2476
7536;2222
5063;9768
740;7114
8186;8259
4918;7868
3597;6001
3560;4989
1981;2655
752;348
2294;3557
6398;7910
2059;3313
3140;5367
1044;7936
9760;383
6023;8102
3453;9320
1919;1656
5897;4848
8345;5991
5420;5248
7418;7372
5683;3432
1615;3269
7401;4670
386;1545
4481;7765
2438;1485
8053;8667
1295;3539
4220;8265
7305;1164
709;7079
4938;1346
4830;6207
3792;1650
1483;4690
9518;1628
1511;1784
5540;1403
9512;7859
4102;7110
4378;2748
2726;675
7299;5713
7271;9867
7524;7837
6044;7899
2424;3404
3534;4099
653;324
9742;8994
1372;9732
8363;1706
2557;2601
3992;8810
4702;579
5217;4821
4215;2831
8507;7085
7191;1634
6085;3941
8568;9467
8059;9188
8100;5431
3853;782
6048;4726
4551;6141
2565;4394
4706;2389
8182;25
518;262
4925;1083
6843;5069
9995;9093
7847;353
2193;7783
7359;3246
4384;5674
3250;4273
8126;5678
4134;2279
3362;7200
7012;102
3659;9242
3525;801
3815;5859
9391;678
9603;621
9869;7697
7449;8984
9914;384
5877;2532
5958;6873
5598;6239
4826;9068
9837;7913
5047;6070
1240;7879
1731;8516
1365;3702
2761;567
6311;4668
2198;7358
9765;6535
6542;6145
9719;7087
501;8103
986;8530
2635;5915
6811;8889
3041;5759
3055;9767
1857;6803
6184;5792
2736;3856
4395;7689
7655;3861
1753;3098
7658;55
5256;489
9709;2952
6182;2058
8093;3842
7749;4350
3726;381
172;4473
4056;5108
861;4866
6468;5997
80;988
3966;1350
3142;4256
4513;3038
7062;8779
6006;670
1643;1852
1691;7933
8811;7831
4317;7183
2696;3653
9798;1945
850;1884
3179;1428
6485;1169
9169;6509
2699;2224
9388;4489
4413;3547
4611;2310
7802;4519
5049;8339
6370;8497
9539;6621
4169;9036
5012;1546
4637;1272
3073;1627
9573;7135
1604;5909
6486;2782
7680;5625
3630;5273
4446;4200
3800;4211
9801;2662
8138;805
7232;6148
7937;9039
4199;9566
6190;1361
6987;2805
9372;9941
7645;5334
6724;8853
3470;7932
5353;8593
5208;7714
9180;5889
1413;8285
2803;4122
1205;1504
5632;3797
5176;6894
7967;5462
2788;4402
2044;9350
2536;7738
6615;6301
9198;240
6507;1134
8760;8564
8292;6967
2414;1962
1156;1430
6662;8420
7118;5114
6058;7450
748;6119
433;7565
7551;8179
6176;3891
3466;5826
3438;6397
7866;1012
2068;2462
789;8195
285;154
7759;4499
9144;7371
1007;5362
7223;6073
4143;1243
9610;42
9569;3259
4276;5786
6113;755
9909;783
4595;5385
5223;8704
895;7866
2918;8481
7860;669
2979;979
7235;345
189;6370
8359;3530
4326;9071
5652;6867
2233;9126
9673;8200
6616;3066
739;5508
7609;7550
1650;7588
5221;3408
8276;1449
7701;1580
2240;4386
8396;5668
4605;408
6450;3341
143;9878
7601;3143
5455;9363
8008;7195
5102;3265
3759;5496
9700;9040
3216;8645
3517;9885
6708;2034
7611;7297
7894;5366
5732;3074
2450;569
7393;3907
1574;3507
8335;9900
4039;4936
3919;6601
3703;7900
691;7031
712;2284
4804;3981
2912;440
210;8016
9197;914
5159;8451
1105;2413
9227;1871
3343;3969
6608;8307
5951;6884
3474;6985
7784;318
8187;6485
8771;6335
3301;3846
3998;7504
6716;4864
9879;8015
4367;100
8061;6222
4210;45
8817;9003
6691;7593
6686;5529
7266;3058
7485;8118
6859;7603
5597;6792
4811;1114
9152;1568
1735;3690
8648;5751
1500;3477
4909;7819
7379;8239
3215;9595
9891;9752
431;8637
2112;4757
4692;4308
2275;2396
1072;9737
3015;658
9836;5849
1682;6417
4222;3731
6574;7176
6256;627
1656;4572
4554;2852
8622;1926
35;6333
8075;9936
2326;6309
1198;4380
4088;1598
1364;8063
1630;2173
5642;1257
264;8757
477;5383
8757;1569
7995;642
1509;1321
4427;2406
9815;6129
9047;5373
6233;779
4635;8851
2118;4579
3537;6215
5391;2880
9922;8910
151;1256
7390;6488
8085;3196
8164;2682
3380;2325
7938;70
8043;592
1270;1572
4604;5948
7669;4203
3156;9070
8549;9856
3291;865
5942;4919
2874;710
5365;2729
5245;762
3546;969
981;1814
1242;7374
629;4632
101;519
2771;5257
5111;9968
3126;3063
5009;2052
5625;9804
3962;8355
115;7953
5432;4586
8759;6881
875;9564
8634;1360
5134;9873
6946;9555
7461;5435
9683;7439
2631;7776
7592;9189
5834;6917
8382;1670
212;6991
8554;2795
1053;7568
7006;6577
245;3602
1784;2027
1624;2813
9604;6329
1583;492
6827;8069
746;3736
7654;1487
6559;5527
9323;545
3192;9724
1327;3234
5824;191
9961;245
4550;2174
5142;7014
9963;8938
1603;744
5564;7312
8118;6891
4876;4983
7961;1629
3857;4808
3713;6122
7110;9851
8691;4590
8904;6131
9053;4010
2202;7854
2431;2079
8851;2296
3618;68
7873;4537
9630;9300
9497;1648
9483;5466
369;4685
7786;61
2591;6928
3309;2885
4137;2225
7644;6499
6131;9965
4600;6263
4085;3545
7022;8859
965;613
6033;5544
9582;8962
1045;6007
4748;8789
289;4878
6252;8560
9864;3126
7931;3131
2001;9106
6075;4684
3803;8165
890;6637
564;7655
5381;5398
4617;6555
6130;8556
6396;828
5340;1222
8551;8306
14;5321
535;2546
5678;5062
1532;5396
2632;278
4596;3381
3701;7774
3017;9934
6579;2145
4397;3892
1146;8105
5747;6688
4290;840
4224;3421
9111;7096
6639;3419
7224;7119
5077;793
6285;2242
7269;6628
1596;9338
3805;4351
2444;6583
3728;8651
9987;5267
1902;3957
4894;1595
7516;6952
8886;7169
6389;4363
9188;507
2315;5489
8311;418
6920;9574
390;814
794;9990
7066;1017
6441;8013
4993;3279
9785;8153
3053;4608
4429;9938
4908;2834
584;8006
6621;2065
7088;8055
8066;2774
1830;2683
3990;6976
1362;6686
4815;6176
8172;3534
4195;5482
1530;2568
7105;747
4062;8460
4585;817
5465;732
7158;8693
6435;903
3583;4681
6215;9382
3567;4177
8699;3955
1347;7024
9847;3864
7585;5818
6782;6402
59;5832
3651;2614
9376;3973
5235;4779
685;6469
6990;10000
4520;6575
3926;356
5008;1159
9410;5699
3779;4322
7396;1710
4636;4567
9927;2658
7634;4349
2169;7621
8405;5966
5449;1999
6891;6326
5179;6405
1196;6653
5053;3242
2639;697
5592;9666
3206;7741
4898;5593
6826;7516
2556;8657
8692;2980
5580;3075
6553;9335
7055;313
6462;2843
8329;7508
1257;200
654;3012
5882;5346
8255;9469
9317;4960
1751;9275
4507;5701
1671;5413
6000;8155
1942;8836
4284;1046
9050;423
4463;3970
4036;9590
4834;5064
4425;9992
1442;6568
4346;3817
7589;6245
8403;7796
9942;1031
4404;6622
3532;9471
1659;3576
1518;2326
3232;2404
4420;9156
9707;8702
6375;3152
917;5602
7722;369
8102;6403
9901;7622
5528;4927
4937;1025
8834;5801
4994;6369
7198;1920
5837;5884
6083;7761
5654;4747
1169;4330
1911;2871
5504;7870
47;4101
5907;6419
700;2214
6230;843
4354;1188
8659;6197
6187;4958
6156;9548
1944;7343
3580;9906
9519;1601
2225;692
544;591
8252;1438
7246;7556
7956;4443
3030;6539
7054;2621
8952;8509
9889;1186
8491;4270
3052;2072
6922;2006
8818;9325
7431;9516
7959;1197
8614;8418
592;1918
7262;2153
8218;8565
3770;8567
2081;5360
5518;258
7641;9645
9848;9405
4794;1925
5081;4796
1820;2974
5695;1
7604;5237
694;8499
3756;1673
6848;9890
8086;6783
6041;1439
50;3323
1840;9667
2957;5717
333;4201
1777;5639
3476;8543
6446;2266
3506;2785
3265;1226
3904;9274
6258;9022
1716;9695
7765;8163
6418;4871
182;6433
9618;1863
4936;1599
8057;1009
8685;5970
4020;4368
897;8255
8079;3742
7934;9929
5498;9207
7412;623
2329;797
2835;1886
5085;2380
6412;6347
5931;5333
3154;3591
403;7413
6191;6203
6575;1418
8452;716
8465;31
9177;1651
5608;6466
8419;6314
4567;1829
6310;7907
9287;2121
3283;8548
1990;3396
9884;1908
1750;304
1248;8581
1435;8609
8421;7786
4712;686
7375;3251
3078;1760
9744;1960
9570;2068
1802;9023
402;7026
5458;3560
702;5395
3421;2910
8943;2732
3072;9883
7136;8273
6439;1881
926;5251
796;2167
1456;7911
9159;2492
1132;1948
3299;4679
2389;6327
9438;3223
9808;7055
1534;7815
6380;4329
5981;7540
5285;493
8682;9777
7438;8367
6972;4174
9122;4244
4781;4143
9331;2
9154;8360
2100;3105
2905;8860
6497;3556
6838;580
7370;2574
9338;1082
2302;3679
8006;5441
2103;3021
5888;2769
2251;1619
2859;7833
9175;5978
2813;3527
3837;7820
6831;4933
6028;1954
4295;4420
9141;9557
1016;4496
3928;5190
8714;9232
2137;3605
4208;3256
9542;4922
1019;1324
2486;7109
9385;3459
7694;2919
8127;6725
3833;5846
4973;372
2217;6667
6552;7801
5;7843
3323;9086
9308;8091
8705;9008
6408;1885
2840;8690
8110;4043
2214;6662
7064;5130
3472;2359
755;9684
5004;7554
8007;5096
777;500
6717;4102
994;4538
8763;7488
2950;9801
276;4704
4297;3911
7355;1249
317;1341
3497;4328
5022;8465
4790;6058
4070;1910
7978;8620
4654;5937
7281;1548
3623;8627
3056;8630
6911;1597
1999;6988
3868;7794
2695;3947
5239;9923
8819;4645
2948;9422
4019;215
7101;1987
4954;7643
2400;7799
407;6244
2506;3685
314;6292
2270;3192
6160;7699
2313;2856
2568;7336
8214;4852
7596;1661
1396;1467
3165;8572
514;9397
7670;5781
1339;5650
5815;1892
6816;8142
4669;3176
555;8862
1517;8311
5700;2824
3112;4422
7979;2686
388;2315
8808;4521
8494;885
6879;7453
5056;7089
4663;261
5202;6040
1220;294
4363;5461
7335;1416
3698;4225
3778;5974
5180;9636
5957;9661
2181;9451
6475;1103
5707;1495
9166;185
2857;521
7919;7722
3104;9193
8911;8911
1054;3428
8185;6380
6013;9983
2182;415
6236;1034
4535;5052
4795;6068
4090;5350
2489;7574
8631;8119
9546;351
1822;2630
3637;976
4230;99
297;5844
5826;6504
1848;7825
2830;7890
4125;5078
7212;7083
4686;5628
4076;1405
6940;5507
8532;7339
4324;7273
3515;5081
1541;6574
1514;3671
1481;5983
4738;4223
2363;5384
7661;1333
8791;4375
5263;8960
3174;7901
7612;310
5324;7707
6929;6899
2846;9782
2733;5916
8251;4166
9936;1704
61;5574
3493;5681
9455;7578
8826;193
6938;5552
1436;251
5521;3064
5788;4065
2588;1150
7090;8720
9481;3977
7170;6303
703;1916
1141;3831
7171;1870
1207;3727
2651;6562
6918;298
8493;6471
9105;5325
9558;5524
4171;1278
4353;6113
9324;6910
5294;4306
8590;6323
9329;5008
2682;9133
7284;7084
7626;4729
7717;2578
191;8511
6386;2538
5450;2305
8527;1573
8132;3529
9293;3024
1577;7731
3286;2503
2328;5764
6532;4261
9033;1312
4625;6584
3060;8796
5863;9124
75;9057
881;6544
4641;8453
6155;2039
1183;6196
9140;8868
5107;6787
7005;4057
9858;9000
2344;7436
5312;4113
869;2422
8381;8703
7591;3040
9480;1051
8088;3667
3863;3441
5519;2853
1987;3849
42;847
8482;3366
7278;1391
1433;3193
1445;3057
6984;5938
6183;4576
9507;1484
6011;8445
9222;1620
8859;166
714;7922
8077;101
1206;2393
8525;871
7073;9584
7133;2463
9356;3425
1867;8184
5155;1912
4489;8092
1390;1334
9775;7481
5857;3551
4707;1458
5663;1322
3879;3401
1463;5634
7649;6989
1932;9578
4840;1586
6038;6922
3478;5151
9701;5590
5714;9206
4350;3312
9213;5573
1405;8655
3422;5331
7214;9146
5152;6579
4770;1799
6494;9774
2886;2869
6260;4948
3381;6153
2346;478
3936;2653
5777;4651
6634;2771
4309;6849
1726;3402
6106;4403
5992;5299
3149;1444
9012;5446
5868;9341
5484;3638
7588;5982
4773;3140
870;6296
3193;6737
4741;1224
8426;8705
5550;9280
1872;4606
66;8174
1664;1537
8343;5026
3023;735
8178;1434
6537;9720
5847;8515
3150;1127
3083;8362
7132;9168
2466;1989
8240;9576
3552;2724
1143;4044
7902;620
3924;7997
4977;1178
7998;2334
8697;4530
7690;8117
7188;8783
5010;3642
8148;2934
2019;53
9629;3389
9490;4475
4043;3329
1582;1454
6900;5492
8415;5111
466;3848
9106;995
9774;6274
6554;4327
1095;561
530;5049
8909;4405
7267;8412
1190;6614
5250;6618
3510;8478
3172;3060
5079;3488
6954;7737
7121;7993
5277;1018
528;2994
7253;9603
4478;9709
2074;8969
6331;8056
1476;173
3449;8314
6853;2786
4587;3879
1842;1623
8265;163
5301;6678
7859;5662
9959;2929
4845;2162
735;8754
4735;8402
5541;4780
9142;9677
669;3361
1592;1751
1572;8192
8015;9743
1437;2192
3259;911
1309;8405
3509;325
852;1939
7391;3504
9923;3886
1184;9386
7415;4844
8571;3674
4394;6102
5162;3929
3913;2613
946;5914
283;6955
9623;4739
6650;6746
77;5162
8314;5672
7542;9286
2808;3002
5866;4127
631;265
2261;5601
6981;160
9619;7036
3655;8618
5317;3890
3006;792
5669;7004
6654;7216
9363;1719
8378;4585
5307;8525
5496;3988
1204;9052
1264;2937
3784;1481
5738;3335
8608;8586
4253;3203
1394;9736
4153;7650
7941;274
7600;2977
3745;8594
6633;5233
5269;4052
1115;2956
1924;4221
6863;4891
2864;9012
4269;6265
7778;8974
7363;5928
8948;1564
89;5264
3170;6525
2672;3827
8231;9208
1326;6318
547;338
4361;6109
4847;6080
7362;3480
1404;3792
6687;1738
7181;4339
3282;522
4014;6160
9370;3367
1112;5301
2547;1899
2938;664
3397;6749
9249;4536
2865;7304
2421;8684
2220;5417
9514;1772
7162;181
9740;6494
4676;3558
8656;6159
9674;3692
4136;6350
1948;1678
7893;1156
9399;9089
8476;5855
5689;9227
8266;8852
6522;1758
4286;7617
2147;7406
5736;7803
5415;2950
7663;327
1903;2860
9609;5204
9137;16
8638;9049
8924;1963
8663;5425
8837;4982
225;5554
6074;4550
9395;8668
1262;9813
326;5195
7624;1536
365;293
2012;4465
3565;465
6181;1098
3035;5621
2362;4935
2521;442
3050;9817
2828;8452
4718;5083
6503;6436
8945;6218
8432;486
8898;7884
5108;6950
129;6144
4025;3759
4867;1395
3507;6588
1854;9549
6681;3181
6711;5272
4032;2821
7166;1576
6350;4980
6332;2411
9303;3235
5715;788
2002;161
8696;8689
4878;4581
7884;8699
2013;8206
3591;5686
7407;6017
2768;1534
4112;3904
2739;5138
9340;7217
5168;3723
4856;3522
5418;5411
8016;3070
7879;5148
5950;6736
9938;5885
3817;5429
868;3096
5013;5675
6773;4487
9032;2219
2190;2881
4289;6791
1300;2758
9593;9987
9226;5401
7738;6084
1391;5955
482;8274
4466;2043
5572;1694
9386;3277
7728;3749
4332;9021
8609;7638
9874;5605
8424;9907
2192;8519
1602;4022
2025;2889
34;7486
3538;6056
6599;370
9268;6365
178;9226
414;6200
2940;7461
2379;6
2991;9866
2804;9868
5464;7428
6952;1305
6762;2615
8259;1851
3359;3412
3123;4555
3208;6429
3943;2150
999;7442
5186;1753
6867;3606
4726;1121
6171;1857
921;603
4127;5795
3731;2078
3211;5380
2769;2526
8621;2955
449;4847
776;3623
3166;2092
4888;8935
318;3997
963;602
6961;6413
3716;905
8690;9172
6491;6913
7108;2876
8797;9976
2614;1717
2541;6810
3048;7027
2374;7755
4638;9902
5997;6180
8089;5294
310;8377
2656;6277
2960;328
8340;6522
3132;8785
7764;1270
5214;5719
7842;7611
9787;497
6265;254
8740;3906
9042;628
3743;3505
5666;7608
8073;2439
6909;9201
9485;9679
4042;3403
1318;5734
7679;8650
563;8433
9572;1609
540;8040
1928;2516
1218;5667
4514;8585
3327;8238
3284;3923
634;541
8025;2287
8521;4717
7331;5268
140;1466
3096;9357
8543;7563
3287;690
8389;7858
6926;7446
628;6106
5585;7345
2949;8077
7071;3393
8156;3184
8986;5389
1897;8477
4740;6452
26;790
3328;9519
3670;6924
4449;9264
6452;8295
6198;2708
1467;6855
2045;10
6307;5947
6125;9969
6617;3902
5375;8647
8206;3795
1528;4896
1102;4999
1989;1624
9646;114
2247;8740
1171;3450
9241;7213
673;5086
8154;6593
4776;4682
6526;6502
7576;3509
1471;8612
1570;1228
9022;4345
7164;2447
4999;8803
1474;4542
4268;9371
9473;7187
8104;5879
6213;7674
567;2341
8620;5249
1739;4000
4933;3097
8513;8857
6786;717
8570;8842
8675;5224
1821;1123
4546;8012
2430;7961
4728;1032
2053;4173
8446;3175
8323;6970
4601;1370
7313;3164
4424;4954
6356;3993
1766;4656
7831;9696
7123;4135
6406;2409
4502;9456
5842;2652
5778;5085
5399;4588
6082;6483
6641;6155
7392;1917
8564;5420
886;3483
4727;3733
9653;8642
9687;1757
2816;9765
7734;3241
7696;9398
7245;6996
7117;244
4922;754
6523;3095
5150;2319
1884;6977
7796;1206
7489;2812
1254;7566
2581;9358
411;3696
86;6657
8916;3055
7228;9390
8477;9747
3608;908
141;9872
260;4494
5524;4009
486;7779
7561;6076
7566;3433
7912;2254
1620;2775
8143;8289
2727;2627
1853;9045
6669;4708
4965;4012
4897;8948
8921;555
905;4764
1895;2187
1882;4602
2371;8595
4570;8619
697;3769
5543;2907
9968;7878
6841;2133
6613;7788
3312;2953
3890;1821
3202;5545
3392;9808
6458;1820
661;494
5853;3783
83;7680
6851;2155
5253;4564
7553;1583
7766;1950
8288;6692
6065;8
4778;3072
272;583
144;7999
9394;5290
1002;9418
7312;975
9948;5110
3594;2523
5710;2649
939;340
275;3963
5829;2779
1793;4385
1955;854
9183;2530
4245;9789
7050;9137
9085;542
3296;7126
8850;2429
2460;7750
4265;7905
9171;4205
3482;8899
9743;5809
495;8798
9659;75
9285;1157
7103;7535
1742;8540
4198;8035
4247;6374
7348;6101
8090;6505
1168;4432
6674;6705
4588;9115
1387;5523
8849;6835
1527;3636
556;1896
8022;434
3977;8928
3949;9272
3568;673
5721;4255
3955;3240
6931;1493
8954;4815
539;8292
9625;4239
6280;5095
9479;9496
6163;5128
5917;6553
4023;2465
5486;5109
306;4357
38;5177
799;1482
7037;197
618;2200
1529;7545
9834;7482
913;2620
7386;9141
5874;8128
7193;2147
3892;5959
1312;4527
7083;503
7587;4501
3760;8079
1426;7747
5606;5551
1814;4661
9283;2979
6840;6871
6241;3699
6099;6330
1051;8590
6157;6515
8428;266
4828;9110
8844;5376
2589;1369
8129;1731
4800;4860
8640;1889
4231;4553
2183;7753
8033;116
7187;5532
9292;2374
4033;2703
3320;9066
2851;8166
1718;5547
1209;4431
8861;1511
7948;3684
4444;6255
7595;8189
9818;5485
9799;8404
5803;6782
1152;868
4175;1036
3135;2081
451;5623
3411;8858
1134;4842
52;967
780;7123
6247;8434
3638;6276
4564;4912
7903;9203
12;2493
1858;30
688;2487
5345;6193
2482;7532
8530;6681
9513;2673
5724;2317
5229;5933
7740;3331
3462;2157
7877;7127
9576;9759
4951;7470
5643;7597
2606;1923
2146;5017
1504;2887
1122;8458
1070;1420
551;8601
1770;920
9374;2596
4170;4573
677;6354
3724;8767
2348;616
7887;4340
3129;1739
2751;9123
3533;9498
327;416
9950;821
8813;6594
7878;798
2641;5703
5476;4559
8179;5400
7210;1423
8604;11
877;5614
8307;6794
5831;8036
7176;9899
2909;9668
3758;1062
3481;9869
9290;8191
2476;4132
9472;435
1997;6264
4423;9553
8526;9297
7107;7033
8939;4206
2403;5736
1828;8979
2838;8186
1635;9508
2763;8172
4008;5729
2213;8890
8439;813
195;1744
5383;4491
267;6951
1259;5657
6133;1956
4349;7614
5193;4160
8239;4408
7881;5805
3529;5034
6587;4861
2051;1153
8902;1794
1194;3517
5315;1986
1812;4463
1773;20
233;3698
1943;3974
3031;1903
434;7822
624;4267
951;6909
8300;6929
6596;7685
3317;6946
7358;910
692;6438
1965;9243
6627;7594
8067;4265
3609;7359
2911;6563
8249;8429
9877;8880
5603;2408
2579;8346
7568;2557
1645;9626
3801;1553
4475;5223
9043;2470
1885;7320
7416;5418
2406;4078
6993;5477
7094;9461
2125;9853
7662;1590
488;1240
6178;5023
8374;9219
3719;1792
3020;1551
4111;2342
8683;7658
1037;5848
4725;4659
841;1632
7308;4210
3916;9948
6805;8337
1689;7743
405;9600
4619;4276
2616;9803
5637;520
3922;2467
3566;6669
7229;6431
7476;1728
25;7896
6768;1100
6231;6262
8519;4735
1160;1655
5389;7987
1968;9384
1738;9643
4345;6660
2322;242
4539;7849
837;5271
4819;1273
1011;7982
3787;6087
2823;3821
4569;4552
280;8053
1237;6854
5587;9659
1061;1653
9686;1212
940;1339
2269;1554
4005;8270
6737;9780
462;888
9157;7283
5086;7319
5614;7228
4087;4666
8209;839
2234;8787
6921;6004
5581;791
7746;8080
8183;143
4572;1457
8395;8188
3417;4347
5439;5838
1931;2625
1642;7618
4597;300
3134;1447
7033;2289
3278;9681
1676;6175
2872;9931
7834;5476
1429;6979
54;8329
8045;9010
6854;4260
4426;6821
2;1798
3983;3592
196;3093
4927;3065
8117;1782
7075;131
1351;3500
7900;9897
8671;3362
4227;3198
6880;4423
3883;1313
1918;589
8174;7025
2369;6743
504;8319
4515;4421
1868;5472
7002;6345
4480;8658
3097;7756
3340;1355
5699;8034
7761;3804
8339;9259
6934;4760
5664;2605
9357;2316
7687;8527
8331;3150
281;2464
1022;253
169;5319
4341;1094
8425;199
9492;7265
5835;6362
5392;6154
7803;7009
1275;858
4626;5139
6525;6719
5514;7657
726;1397
2676;2110
649;3163
9002;3893
2509;2128
4910;6021
3842;5919
8537;3119
719;6342
3878;2381
5871;2033
8985;1185
8051;6379
2180;5312
1466;2416
693;7081
9369;346
6414;2776
4753;3466
8810;3850
5918;3812
6164;7259
6010;2666
6432;917
4183;577
3971;5323
5975;3565
5796;9838
5629;1282
5474;5406
1038;6410
6751;9195
9116;7384
4303;6006
2806;6738
6480;182
7872;5958
8144;6313
848;5119
9726;2792
222;6718
1636;6561
6550;9
7488;9515
2097;5311
989;1743
3152;6008
4260;2111
8236;9428
5333;2670
4078;496
6366;3641
5058;4598
4393;1299
1384;7335
1341;8020
699;8545
9153;2537
5797;4508
707;6280
8041;965
9897;1745
8636;8084
6499;6395
8124;9164
3451;5459
992;4523
9693;413
7151;7548
660;1456
1303;4284
4401;3115
294;2239
9332;5988
3735;8432
6590;647
7454;3090
3653;8293
3413;5779
5055;8596
4072;8414
2259;2217
7793;1173
893;1330
4415;2505
2080;8982
3886;1641
8565;7434
2924;2981
3839;4547
9769;7146
3891;5136
6604;2837
7015;955
2006;2582
9167;8159
5522;9283
4591;7275
9937;7760
3285;8004
1819;8520
5396;9050
7695;6887
8914;8885
5690;1807
4848;9455
2252;5124
7958;9647
805;9221
1765;7118
364;6458
7513;4950
8693;4131
2999;7496
2538;104
4691;7177
3625;6948
5840;7477
3160;1239
2120;4549
5440;9278
1484;862
7924;315
5586;1647
5350;9701
7163;6648
3090;2623
457;879
9913;6194
9078;6332
2941;7244
1588;9862
6963;4644
7813;5436
908;9914
4788;2198
3960;4592
1628;9391
2003;1345
1176;2244
4123;563
9090;4811
1505;132
7247;5654
6672;7474
2041;691
7791;9191
9994;5019
7809;6174
1336;8384
6117;8535
2023;2897
343;5303
842;7950
3859;9719
9322;9871
6754;269
4181;2203
7425;5509
5105;7935
5230;1955
4797;4695
9219;9837
3768;7219
4559;9879
3444;7153
1331;6745
9295;1931
4903;7844
6828;8028
9131;6027
2669;3866
2893;7117
3146;4571
7904;5582
783;671
5865;5212
846;285
8752;4812
6614;7838
3531;6620
961;2750
9655;6701
5060;8850
1914;2395
1041;9298
7826;3838
1550;4088
3176;8952
2662;1883
484;7106
5181;8093
537;3352
6032;2851
7808;1442
2518;5822
3876;8156
8591;7986
5980;5578
5300;2322
3521;6156
426;4015
7491;3695
2502;4763
1371;6140
4765;3173
9304;7202
5491;3303
4387;3136
3341;2054
1899;4825
8112;1770
8762;8167
8684;7946
6118;2423
7059;9375
4679;556
9185;609
2762;1048
7238;8266
9316;7931
7078;2443
960;4943
8853;6441
2388;8361
6245;708
3648;5255
2720;748
5628;8334
2289;2212
3426;6190
3237;6120
9998;7419
2427;7605
5156;9230
8635;645
6887;9981
4926;1158
7319;6294
5342;6351
7440;8386
7296;8154
1722;3938
1392;9611
7225;3494
1985;876
6127;3332
7973;6638
3587;1625
9500;5735
9190;3880
4532;29
7280;1723
2165;32
7150;2781
79;1693
7676;5875
5561;1839
2458;1803
1420;6902
4785;5142
9852;429
3281;3363
1593;5600
1875;1407
3798;5610
3316;8678
5262;2512
718;2576
7652;7752
2478;1701
6140;5147
3001;9453
5680;7891
9764;3542
1200;7155
375;4997
1025;9523
1360;2927
5240;3595
5838;4462
9689;4372
531;5887
2831;7926
7861;7889
4975;2119
6780;7877
6317;3149
340;941
7131;4444
7992;6036
8915;8482
1320;3340
8657;1452
2285;6670
8418;3835
1651;7404
5419;8263
3230;4753
6834;8120
9263;4716
3169;6408
8263;7934
9531;4964
1864;2504
6438;7290
8317;2783
3740;5269
1553;3296
9723;7100
3427;409
6427;2050
9675;1125
4699;9644
6188;7715
3187;291
458;8208
2552;7636
4389;7394
4458;1211
5145;2074
5911;3435
8869;1516
811;5483
8116;208
3310;1509
5272;8332
1000;1512
7939;7455
4983;3648
614;6661
9429;3694
7243;4599
8881;2949
5402;8750
6274;7998
534;1861
5303;5337
7811;9705
3225;6105
9574;9220
1654;1412
4995;4814
6869;1842
3267;8109
7629;5761
7065;8541
2488;731
9894;5079
3196;8549
2286;505
1454;3758
950;7888
6665;6300
9878;7558
9225;6132
1845;6765
9487;3379
590;9333
2084;6047
934;9620
5413;9612
8362;334
7675;6630
4896;230
5088;3643
5891;1602
3218;6536
6423;9493
6481;724
1324;5964
9557;4858
1086;1755
8071;3104
2141;7865
2144;1756
1704;2585
6467;6840
4177;8841
5093;1707
1383;7958
5938;5244
6495;2394
728;4614
1622;1108
7057;1489
7545;7256
8201;6595
9092;1267
7578;201
2435;6984
8470;9775
6645;9877
2659;1468
1161;2657
5641;7784
5662;6734
6520;5874
3923;2679
7365;1539
9475;9184
5033;1543
931;4541
3604;5587
9579;1696
5884;9497
9647;1122
9588;1030
5935;2893
7252;5258
2794;3567
9532;6733
8956;7626
9450;4254
3495;4869
8594;9414
8824;9901
8522;6654
9586;734
3049;8526
5725;9699
4705;2581
4818;3794
1611;8558
4176;6172
8718;5403
1478;5371
3888;3841
7475;5906
5802;6187
2617;3491
641;5854
6761;9504
4871;9738
3901;5217
313;8234
9210;3503
4063;6095
3293;3073
9825;5785
1984;9181
1101;5975
8700;8100
8615;1497
253;4026
7288;62
7942;8555
5995;6445
1366;4480
6696;3924
5140;3966
8839;96
1843;9639
8783;14
8558;6096
5836;3632
7265;3575
1978;6377
8397;3185
9444;3965
5359;6527
2262;5263
1417;8931
6238;6841
4547;1582
4443;6304
4100;5161
5459;1834
1236;632
7447;1072
4943;5452
8319;2292
3762;9421
9299;6127
8845;9963
6001;7644
6201;1689
6734;1155
2145;427
5795;5744
4682;9485
8580;379
8080;1096
8346;992
3271;5798
6611;8892
9462;1000
4116;7684
9695;4637
9997;9802
7134;6363
3665;9731
7478;763
5594;6130
879;5511
646;8732
959;4897
6205;5209
8978;8688
9408;1631
136;6005
4813;1659
4151;6550
5702;7816
5930;5965
9239;893
9350;2572
6306;430
7402;3737
1763;619
3554;860
3217;5145
1301;8533
1977;6540
3076;6029
9414;6136
787;3424
5511;4793
3734;1137
1453;1983
7792;1840
2660;5203
43;1668
396;8679
71;7912
8719;9542
3918;7332
3547;572
6084;170
4739;1095
7226;2825
392;4887
4430;7604
5192;1316
1808;1323
6797;8422
6421;5797
2820;9361
3095;9183
9477;7954
9250;2040
4874;1126
3559;4854
9278;9368
3825;3046
1705;9395
5234;5940
8516;3061
9716;6411
1107;896
8876;8561
6123;7713
8279;4902
9436;2056
2961;5480
316;5434
7815;2962
552;665
9887;3559
5673;6449
2194;1006
1123;3989
1299;5328
8310;2700
1253;8550
2807;5684
3511;5228
7598;4502
4483;6147
8283;7619
8814;8895
4523;1473
5113;8713
4069;3615
4235;6646
8467;2925
1066;8087
1423;3199
7434;9015
3988;289
8312;3276
3213;44
1490;3884
985;1335
3804;2299
2203;2496
7789;1035
220;952
4138;7469
1614;8416
5880;6717
7270;8835
8553;1806
9529;4635
1201;1604
761;5836
4086;764
9781;7979
2246;50
3272;3386
6218;3465
57;4042
5347;3887
2944;2152
6668;8571
2092;3630
3461;5570
2992;9609
3347;5936
4571;5072
6401;6986
7025;1567
8429;7409
3999;4425
3203;1055
2887;2995
237;4701
8348;2815
6305;746
3257;3183
6892;7008
7777;1664
1648;8876
6369;9718
2184;60
3601;3330
8354;6221
2098;6547
8306;9489
5219;1713
3244;2904
5855;3967
4266;283
5067;186
3723;8985
2473;849
6500;2184
4093;812
9944;2137
9966;9179
9377;7102
3139;8967
1849;5583
9348;2135
8065;5101
938;9627
4607;4361
7112;2398
3808;6223
4652;6412
3689;9678
8835;844
7014;4741
6007;5557
7255;3634
1159;4106
132;187
6657;2445
2330;1059
6308;6651
134;221
2052;6134
903;134
76;1786
662;4819
397;8138
349;7445
2811;7814
9694;2793
3848;3178
7674;2971
2883;1640
9724;8161
9253;4514
7189;3111
6856;8199
4486;1287
1936;3039
9516;5234
5583;1841
9988;1837
3068;4551
3369;178
2498;5812
6320;590
4259;6699
4044;9311
1621;9527
6319;4694
7559;8134
973;3456
5231;8180
6991;3316
5497;3546
7606;1451
572;3077
2264;4060
4288;571
4902;1111
8048;3502
4015;9119
1494;4202
7673;677
1741;2991
6872;5716
7540;7967
5094;1254
5881;9825
6473;9025
7714;5277
9311;6510
4448;7624
2040;5173
1120;5084
3738;8997
337;3414
2039;3416
5148;6067
8775;7787
1085;399
2345;771
9254;6802
5569;803
5912;3572
5925;874
7283;8363
6701;8639
376;4822
9581;1535
7741;2403
418;2563
8816;4401
7712;6418
111;3048
5037;4646
9251;774
1743;9939
7952;3224
6570;5528
8274;5474
2858;8333
5083;5934
9902;8665
8823;8083
7328;6061
6953;3644
9028;9933
7753;4617
1258;3364
874;5156
1838;7846
1099;2762
9034;3263
3424;2277
6910;449
3303;6075
976;882
3404;4093
3405;6398
9431;2740
2786;2917
9880;7346
513;4336
6277;5320
8885;2726
6585;5464
7747;9599
5982;6306
1720;1592
9748;1973
3776;7215
203;5168
1512;656
7574;4835
7046;4331
1855;5939
4743;9087
3794;5470
6676;8320
6429;7194
9437;6649
3599;9921
67;1392
7677;9399
4178;8463
4471;5491
8970;3932
5697;3350
9883;8723
9360;1793
8282;6947
9844;6381
6748;9419
1587;3787
74;5280
1861;3930
9117;4700
3540;8872
1068;2531
3403;9602
2575;9773
2959;8439
3329;1929
9006;9187
2611;2456
5120;1862
3226;2544
3508;1940
8903;9006
9024;4170
1276;584
2393;4326
6056;1383
3075;1241
5893;6126
2691;695
7178;8468
1213;7065
3755;639
2706;6103
8933;525
9991;6850
898;4641
1665;1187
1187;7211
7794;5598
7562;1149
3118;1720
5786;5926
9189;8709
218;8926
1752;515
3793;2754
4258;8304
2332;8827
5135;838
3371;7325
5032;2338
2108;86
6264;8575
7310;2007
9999;9413
2731;1373
9993;2882
106;8817
4558;9302
204;7080
5804;994
1071;5725
6907;3512
9589;8544
9522;2103
4302;3915
3276;6352
505;2213
4436;7156
8472;463
491;3760
5899;916
1280;5546
4091;1380
4998;2561
4392;9199
1482;5876
6070;6454
9077;9457
738;5831
9705;5644
2558;5956
5378;203
171;6091
3985;5973
1164;2901
3186;2095
9489;8681
5175;4702
2463;8562
8536;4037
4139;9834
6651;1979
13;8116
5212;8573
2167;7984
1477;8761
2708;7939
4240;8534
4511;8031
4482;901
3025;3017
8021;1058
3012;4824
882;3834
9777;9436
8930;7834
4145;8602
7302;2301
4453;9426
2890;6742
1566;2525
695;8088
2642;8741
1594;7892
1584;3114
3042;1139
7153;703
3727;7258
3109;326
112;4996
7027;715
1788;1490
6377;4197
5771;1985
2291;8769
7089;7542
9741;4986
3439;2502
7122;5676
9427;9944
523;2329
8847;7871
9257;1530
6489;8286
5417;5733
9670;6451
8357;3747
1937;8325
549;7813
9404;4783
2505;5115
1957;6696
5974;1741
9762;9634
525;9029
6055;2238
4089;5185
9747;5828
8109;8551
7954;1144
6753;3573
9746;7767
3252;3252
8624;393
8481;3815
3247;1614
7818;963
720;7851
6430;1078
2623;9037
3527;5789
2050;5943
235;3130
5762;8479
1052;4258
2535;4786
5138;6863
1406;2727
6630;3918
2927;8446
6129;3889
2522;4429
2862;9472
1367;1618
2117;7132
1034;8316
4412;5522
7785;9619
1138;3766
8342;4995
6024;9236
9805;8227
9073;9465
8545;4333
8234;4991
1333;2099
1896;8410
2822;9670
4408;8597
1578;5596
8607;3281
2977;2461
1972;7869
6956;460
7607;5131
6388;2992
8919;3495
2177;4387
1128;3807
2483;2288
24;9726
1439;8554
1033;5931
1017;9346
6752;2638
5097;3877
158;2235
4280;9665
4141;2580
3115;2959
7555;4096
2056;1146
8189;7077
8767;3871
4396;7448
279;1617
2512;2685
1345;1928
2017;235
3212;2661
9334;8351
2257;3285
8625;5629
3896;8728
8679;9356
8308;6636
7389;2263
4987;3986
2163;5236
4562;4859
5406;3985
2171;5811
7647;4268
4318;3158
1930;5624
6255;2086
4667;900
7836;9483
4552;6357
3485;8246
9390;5748
3899;8393
6703;3830
3452;5534
8064;7045
2008;1767
8114;706
5336;3258
800;7800
3722;2360
2524;6833
701;8901
6325;3031
6403;4112
3243;2057
291;7021
4893;8170
2031;4092
1976;999
309;1118
5588;2940
4670;7420
5791;2195
2495;491
575;1690
863;4749
3199;9858
6566;8252
5118;2076
3348;7234
9627;5923
6391;1995
3137;2075
2994;5188
6025;4715
6743;8582
8295;8081
5751;7823
1597;8844
7268;7728
8072;6295
4402;9239
8686;4653
11;585
899;9257
1662;4217
6249;5825
8936;7691
6688;6171
6296;360
1859;5652
4901;5945
6448;9745
9649;5506
1325;6990
1100;2073
1059;1047
5141;8489
270;3621
620;259
3996;6287
1286;7440
3643;6032
5983;6591
9208;1526
1174;4130
4059;9999
9960;2973
3409;4307
8722;9241
1470;5080
7532;6556
8220;4722
9712;2031
3831;9848
2413;8222
5701;7348
7221;3540
6577;4945
3519;331
9806;3544
8742;8000
2157;6268
9206;9130
6078;3144
6144;7920
7602;8815
2101;8114
1277;7557
4202;4036
4096;4288
391;5313
5574;5278
9067;5291
9738;4903
9272;1107
9631;2602
9151;6074
8959;6137
4812;138
8157;5660
7868;3995
8411;1946
2625;4388
9362;8379
2420;1292
4006;2180
7469;9694
4952;1145
8195;1825
3241;3942
4832;4212
9158;342
6536;718
1337;5089
1172;8130
9055;1894
3958;4709
4968;9379
3973;4320
1699;8793
2195;653
4724;2745
2288;7867
8506;511
7206;7165
4680;2420
725;3992
8884;8653
7192;2105
7963;7634
5367;447
6128;6414
4467;4613
972;2477
1638;4186
240;9105
9617;1440
4405;5666
5627;1930
6836;4761
2046;1588
5653;5553
498;9403
2188;4675
7771;7917
804;6128
7239;4468
6636;5941
6568;321
4658;3204
1824;1010
417;3931
3;1327
8593;8066
1787;6018
6776;2669
2684;2442
7527;4118
8937;2179
652;9922
4335;6267
4997;6760
406;2229
7227;3516
6142;4279
6547;3908
5428;6099
8361;8419
194;2261
2200;1555
5941;5921
9373;1978
3220;1867
9345;9254
5076;7
1329;252
1438;7513
7628;6655
5657;3099
5972;1879
4684;6135
8588;8132
1653;543
9650;7381
4767;877
4050;9606
7433;7572
3131;4017
3364;9002
2643;1748
1499;8253
100;7671
9186;7781
6846;654
8328;6459
227;6676
9231;1838
7875;3579
3920;2829
8982;5242
8261;3347
8284;4474
860;3868
1247;6560
2605;5180
3596;5167
4803;453
7381;5445
7801;7509
7330;2175
1023;5505
4928;2567
1302;8814
8341;8143
6054;7341
2790;6554
9720;5352
1963;4266
4683;9492
2529;8072
788;4817
1960;6534
4339;9547
1153;78
3602;5709
5309;8833
3406;8646
9126;907
2172;1398
8642;9559
7496;3008
4627;8375
1425;6028
1472;2564
6515;4453
8665;2320
884;9276
5593;6939
3678;2866
8076;7068
1580;5220
9677;8296
7691;9984
69;7686
7686;6270
9721;2312
2718;3922
6865;6617
5198;425
6598;1119
2412;1727
7204;1754
9120;6427
9267;5737
5349;3627
39;8073
2765;2946
5904;1603
686;9530
8582;3001
9091;6349
7470;8426
432;4915
8541;8882
5146;4509
7795;6700
9502;5358
1687;4952
9637;2969
2710;2867
9501;3552
7504;2047
1996;8011
9692;9076
4421;4128
5200;9847
8983;90
6852;950
5373;6231
2612;1342
95;4692
1737;22
7800;1207
4517;5622
1398;9814
4445;5499
8394;8148
5890;3205
4516;4561
9125;7667
6088;8644
183;2920
9931;394
2253;1281
8695;9575
4216;6684
607;4616
1150;6837
6208;2966
9682;4110
2947;6800
6419;4067
265;7401
8643;6925
5339;7857
2974;4353
5468;9926
2015;8959
4498;6161
4744;1951
1323;8007
9469;3228
206;6969
9181;4378
9009;2747
3074;1193
9371;9373
2717;4041
4996;3570
2904;593
1883;5640
1513;4937
4414;3088
8030;650
6670;5093
2204;3289
7581;2731
3447;3200
8371;6763
9635;4234
263;2412
192;1759
4185;4678
3483;5691
3357;7006
7522;9715
8123;3278
6372;7727
1227;7112
5960;4451
2094;2816
6819;4754
3384;3372
3151;5283
5207;760
2272;3493
6986;4545
4372;19
1836;9104
6886;4062
2115;9377
7272;8151
4865;7399
2136;6911
496;7122
3861;2694
9482;4597
1818;368
4649;1523
330;2766
3014;5288
4985;9111
858;6393
5062;194
7627;2042
6693;5408
4809;942
9013;1041
8637;5516
2364;1308
4428;5740
6152;2637
2599;990
8968;4415
6021;5692
8369;951
8398;6123
9656;5738
3315;8294
1197;462
8332;875
6908;6051
5694;3479
2578;7553
2965;6048
7196;1195
325;5230
3479;3107
1136;2097
9344;3852
635;4803
2796;6031
4538;5864
7080;926
1035;8662
5879;8141
2244;7810
9795;4988
6328;2982
8731;4410
2856;7546
8687;2407
5122;698
1543;119
6903;6273
3522;4428
3982;1080
5607;9387
7856;966
7915;2903
6362;130
128;6698
9310;3730
7231;9090
8556;2978
7892;9332
7659;9506
9969;4745
4437;8608
6949;137
9358;2142
6442;2350
1293;7630
8991;4325
6436;5353
6919;7435
3209;1927
3989;725
2576;6382
5183;3705
468;1976
1627;3208
9083;8108
1117;3336
6664;5061
5196;3237
8801;1060
1388;7467
727;5293
8829;777
2255;9529
825;4165
1199;9937
3769;422
7584;9533
9150;759
3490;7060
3697;5604
6273;431
9890;7121
7916;6843
5098;1141
5028;9811
2542;8106
9990;7785
7816;5057
947;8753
1261;5364
1946;7472
2351;3085
4156;6311
1995;3442
3884;4947
7399;2012
5117;1286
4858;7395
683;7547
5794;4493
690;7070
8304;9903
7569;5954
6592;2633
1375;3464
7286;1038
7726;8782
2756;7318
9312;6086
3900;4161
7917;8318
4810;1943
8955;7775
6227;9539
5665;4837
4238;3990
7499;2154
2781;6788
7899;3179
4640;7013
494;3081
1612;1174
2626;5594
5279;4584
4989;9755
6346;7564
6272;9085
5046;4969
7493;1161
3475;8605
5959;2989
9030;1796
9543;853
4257;5368
5069;5011
658;1734
6282;3322
7304;4594
3524;2928
9953;6023
9307;7701
5962;1261
8619;1575
7436;79
5123;9284
9406;1347
9400;5356
8616;3213
2133;7417
6718;9722
2777;4522
4877;2436
4524;3407
8440;6816
2178;778
4340;6709
3558;2339
6177;1843
2151;2125
576;2489
3255;5091
7026;4430
6698;3045
334;2968
8037;7773
9643;5548
2185;3197
2494;6293
7408;4014
3155;2181
9756;8444
9548;7880
6100;7097
4689;8046
1725;7134
3128;4879
308;9932
5232;1478
1785;7992
6573;8989
3382;3180
4501;2165
2705;6269
2647;7185
3181;6481
892;3788
3753;2070
2311;108
862;6756
801;7629
8464;7724
5323;6337
3766;2278
9099;8435
8672;286
5144;7076
4666;9116
4282;8001
8784;9723
5530;1888
3894;598
5490;1531
3304;224
6341;3294
3828;6785
888;7945
7051;9383
5132;6339
4924;378
3897;6093
322;6714
3419;7426
5147;6572
2070;4400
439;4358
5617;6251
5080;5655
8735;883
481;8792
6933;7876
307;2691
7276;7524
731;8074
1706;6656
2126;7285
9624;617
6159;2440
2287;1365
2861;895
7594;3139
3246;6779
7947;7138
2577;605
933;3875
2377;9567
2493;6415
3810;8317
6874;9669
9301;2822
5379;1344
7565;4806
3289;4615
2336;8742
5934;2941
6802;8820
3629;7342
2517;799
8874;5316
3631;3712
2321;6232
7896;7108
8393;7238
223;7908
9216;3282
9802;8411
2523;4080
6394;2799
7603;9014
4166;6275
9415;5637
1971;4505
2637;5530
6086;7988
7906;1252
5121;9033
9129;8312
6136;336
6334;2009
4053;4193
5466;9059
3752;5481
7184;8210
2024;5029
4373;7749
4098;7499
5467;878
1938;2365
4861;676
4347;934
7070;5575
9525;267
9029;1436
354;6496
1488;6892
3334;4151
3690;635
9676;1775
8169;9317
174;6957
2741;4885
8662;9799
2913;7772
6179;3951
953;1915
1414;6918
6878;4247
7063;1230
1991;7094
1694;8254
7377;5842
1633;4218
5425;9949
6064;9308
4027;1835
5485;3898
6225;796
9417;149
753;9293
3680;9881
8453;7463
377;3124
2889;8352
671;6373
5615;5137
9538;8861
9470;7066
9379;4376
7989;1494
8962;2216
5757;6401
1441;5890
4932;1547
1465;5619
2162;6994
7477;8805
6905;9832
1069;3600
9811;5104
5812;2987
1721;355
4544;3553
3239;7519
7731;5533
7366;7144
7275;984
4920;2570
1980;8786
221;1177
6304;9790
6217;5967
1552;1657
6138;6732
9632;1991
116;7161
5745;152
7804;9479
1485;785
8438;226
6635;1001
2764;6548
4957;5556
3573;4179
389;7388
3662;8772
5348;3357
7139;8300
962;1819
10000;8734
949;1560
5128;7429
9690;4965
6589;2232
6324;6526
4602;4391
568;8421
8027;3946
3570;2998
6301;7517
9281;7663
3898;6216
1403;9771
1114;4068
1251;237
6216;3628
1498;5241
2334;7302
1575;3562
7713;168
5846;2710
8984;7991
4046;8623
9871;8854
2011;3952
8557;5558
770;3467
5291;3984
9114;5285
28;5566
2131;8878
6932;8107
5182;6319
9583;3
5659;8301
9841;9304
734;6973
4203;1994
6019;6473
6998;1622
5750;1040
2969;4479
6268;4512
4094;7491
3378;2472
1385;9388
9819;4924
3557;263
6116;5003
6360;1128
9387;1771
4786;9772
8445;156
5005;1003
1660;7376
7599;2809
4766;483
6330;4426
2085;1192
2086;3581
1013;1898
5480;3878
5184;272
632;4972
3959;3564
2361;8864
213;2428
6849;446
2785;2206
422;4334
1359;2191
2295;6900
9681;2788
1982;9894
8606;6475
3975;7489
3984;8350
9318;720
3739;2718
3542;9108
762;8024
717;7245
4431;5806
7473;7171
4306;7261
7104;6795
843;7940
8501;3453
3061;3568
9861;7625
6093;8373
8579;4315
5830;5165
5064;6890
29;3355
162;9038
1173;4886
1108;7020
9981;6728
2140;3266
7503;662
8998;2028
5648;636
2742;4633
9849;2209
224;7764
6174;4263
5400;4310
4780;8347
9173;5370
2054;6715
664;2549
9905;5345
7798;2149
1539;4611
4221;7972
2951;3948
8333;3618
4272;9592
5374;5013
2033;9282
6837;9474
4522;1633
8918;9406
8412;9511
3435;1026
4244;8576
6371;2055
5177;282
4543;69
3934;6236
8583;1087
2260;2553
7254;8085
3862;3122
3071;2024
5810;27
1226;4558
873;575
4723;6695
6699;2645
1408;6683
6211;7034
6794;5918
4150;9046
2613;9710
7291;1338
8017;587
957;1507
3562;6111
6902;8236
2048;6625
5325;8262
9297;6217
1837;9502
5206;5503
9771;3392
236;4560
6632;8230
6958;7635
8404;9307
8689;3398
2749;6480
1274;3271
1244;9222
8316;7526
1175;1854
9792;5892
8515;5520
744;9017
4212;6009
6107;5670
3952;7645
7944;5712
32;8423
4034;3351
7213;6100
4264;9835
6504;6167
5164;8794
8098;3013
1783;6893
8660;8780
9277;1848
40;8019
5775;9623
3564;7223
4838;7468
290;8495
5708;1138
4293;3338
5331;3741
2428;2619
1130;115
2897;5309
605;4650
3177;8462
419;2948
5929;4583
5807;2555
5059;5877
1121;4414
4383;7192
7767;344
3635;5513
4592;1219
186;4413
3867;4103
3297;8157
9954;2862
4304;729
1064;6220
1137;1726
2732;3665
5618;5024
550;7356
7047;6283
7169;3809
8497;2857
9881;3161
6694;1705
8832;4291
1833;4484
5862;6066
3254;1306
4232;1385
2594;7157
5619;8042
3263;7235
5054;9505
5228;74
6713;2667
8038;9331
8387;9846
9156;1426
1905;4914
6591;1735
9037;6407
4668;9911
5709;5422
9234;2632
8990;3526
259;1815
6359;8044
2600;8470
2087;964
1724;2890
6977;8707
5660;8207
5894;3337
6387;4873
4831;9809
8499;2248
675;490
7936;8243
9873;9793
1805;5039
8049;7291
4248;568
4348;2967
4285;7438
9973;4299
5045;527
7157;9889
8644;1709
351;7296
5278;2898
3195;1688
7579;6883
367;7662
7423;8214
5814;947
9182;3003
2043;5198
7194;364
2615;8898
2997;5060
7251;7105
9657;8680
3788;6677
6103;6491
4892;2298
4485;719
7458;7128
3229;1399
5311;3050
7705;5132
1637;6163
8153;5783
642;4079
7028;2609
8115;560
3751;4058
9668;3687
6888;8456
5471;9501
3516;179
3917;3528
2701;2045
5241;7790
588;3349
6757;3839
5861;18
7240;1271
7512;9269
1901;2172
6226;2790
6966;2905
3809;696
1056;3882
5048;7249
2988;4051
1231;3756
8751;9690
4174;5910
497;4880
1860;7423
2284;2346
8486;2899
9555;404
3473;9400
2159;4289
1992;1773
4720;8636
775;2035
4919;5636
4863;726
9856;1284
6996;1326
8655;4109
1380;1982
3494;5642
9739;9328
8450;9880
3200;3291
2715;3612
7620;7840
8052;6875
7535;1729
3644;4087
2206;4889
8868;448
1988;3833
3258;9309
9504;5327
1727;4946
4158;4853
3700;9440
1675;5536
3991;9013
866;5840
817;9805
8388;8791
6955;2485
7165;685
6727;5275
4189;8993
6483;5793
4379;4066
1001;1432
8503;3764
3967;3437
5154;4843
1829;768
5424;248
6120;2193
4084;6371
2735;1876
3033;9075
1449;1441
4201;6805
4310;26
4677;314
7340;6927
1680;6987
6775;2143
5646;2499
7152;2291
5001;4138
108;1636
4872;7019
9830;8173
8929;8212
5686;607
1655;5150
8287;1533
2005;4498
5422;5232
5034;974
9745;1396
2993;9702
4672;4335
6253;205
2376;679
3098;1081
670;7393
2232;3405
6266;707
7534;2098
6378;9917
398;3274
4715;2947
5280;5913
542;7298
8836;1400
4067;4323
2448;5739
9992;2565
765;8321
2795;7710
5906;2832
7651;9056
1683;1846
3986;6937
8755;6865
9596;5896
51;9687
3858;8231
450;3624
3980;7633
7743;6346
4468;8504
9759;8494
849;7507
6810;3719
715;9213
8652;421
1519;3862
7287;3319
5774;7064
2440;4224
2221;8719
2445;9134
7426;9964
6101;4120
2096;2491
7754;2772
5297;3268
3024;5393
239;6476
7885;7352
3028;3920
9259;1375
31;247
7805;4149
8250;4925
3163;4439
9956;2797
8267;1503
3512;1198
1994;3395
185;1975
1533;2246
3574;6010
2306;9672
5741;3873
6173;6470
1014;6778
4057;2641
5257;2611
2058;8193
3578;3082
3645;6034
5447;8883
7017;2895
2342;1872
2595;3427
2418;5895
1382;5883
7570;7649
2061;5154
7430;6019
4814;8812
19;2144
9898;1860
1794;9586
4476;3411
5635;1379
231;1446
8023;6053
4774;9020
4791;833
836;8694
3162;9412
1640;2488
271;9975
8750;5979
623;7058
5656;4381
4816;7850
3275;651
1116;9854
1804;9005
2069;8731
6917;3894
126;9886
1502;9035
6913;6896
6355;8095
1055;7022
4029;284
1098;8305
3673;8299
9780;7995
4462;3577
596;6545
7965;9807
4518;7398
4256;3703
3173;6356
2095;5457
6344;2589
175;4839
5854;6212
5018;9246
955;7082
4312;1214
5780;5475
749;3896
8094;3793
302;7433
9895;3344
5602;322
9004;9080
8101;5953
8772;8800
7409;4362
3664;1498
8200;4011
3691;8067
4621;618
1506;6422
9321;7053
3037;9622
1027;1328
4110;4630
6795;87
470;3032
6714;4683
8159;7403
90;5829
4752;71
6706;7795
766;3796
1959;5056
6237;1250
2067;6866
8788;9703
4891;8076
3223;1037
9330;1909
8961;297
9728;9216
6967;752
8081;6664
4982;524
4851;6524
4159;646
9298;2864
5393;1812
4447;8144
8386;4773
9678;7826
785;8553
7128;2369
1825;9490
6876;8536
4964;968
2454;8171
1042;8048
8842;5099
3429;539
1813;3753
1610;5537
1040;3486
6354;8194
215;8849
4077;7864
9195;1677
7721;8308
3185;6460
6278;981
7297;9588
6031;8483
4787;8712
7095;700
3277;5559
8809;4399
1330;945
113;4515
6514;6184
8893;6037
2340;7309
2248;4282
5096;5314
3273;3452
5845;1463
6925;9526
9380;9424
3781;6396
802;8398
5658;1289
8184;6229
3058;155
8967;1808
2325;7598
7850;9420
5622;2272
6382;8920
1962;246
1029;7456
2366;2996
2678;2151
7614;2281
9590;2418
6799;9101
3238;3697
8701;8267
7342;3110
6047;9831
5787;6634
5328;5843
1556;386
527;4961
1379;4379
6642;9491
2324;6443
3942;4008
7487;3117
6367;1021
3489;1172
4934;4721
3824;142
5100;4364
1458;4073
8095;9155
7345;3209
5856;4634
6862;3771
5072;1804
9865;4688
6511;4770
2766;4419
5793;3650
8083;9452
3233;2001
7091;6879
7987;4031
2665;7529
971;6259
3459;3637
5115;3998
5735;2091
1782;576
2903;9448
9648;936
9816;1016
2634;2826
3205;6935
6545;6721
9985;9913
6569;7465
320;5951
9005;3601
5332;4019
4560;7736
5329;8506
5308;4470
4945;277
7353;5531
3569;4176
2834;1764
656;7334
3782;6995
667;8045
4360;7016
3153;1371
9123;1387
6353;5284
5218;3781
3869;7673
2640;2228
7913;7500
9093;848
6126;9186
7869;9178
9407;4862
1296;6514
6941;8672
6284;6830
545;4785
8577;7677
7498;2976
4165;1683
7646;7037
7858;6442
6915;9957
7437;9348
4976;4833
1677;4039
3622;6901
9465;4525
4028;9054
437;9766
9652;8364
1801;6983
8003;7191
4763;3290
967;7698
4455;4343
2201;206
1225;396
5302;5458
840;6766
4711;1587
2628;1577
7683;3912
9540;2550
8782;8104
7548;1935
2894;2594
2249;2765
2752;6385
7484;8881
4267;6975
7203;8583
4578;3498
8035;2911
7914;57
9384;9637
1549;9961
3902;1671
2161;6081
6715;8832
2753;1990
9392;8330
6259;2178
2870;2377
2398;1386
956;9833
2102;9197
7467;3307
8711;4373
8940;5942
6772;8512
361;6586
7550;2721
3672;243
4575;4797
3144;9032
5849;127
1135;4916
4073;1878
5727;3726
8964;6260
9784;1071
4155;2466
8992;4252
5545;9778
6631;5960
4793;3746
4108;6675
1178;8829
830;6708
7008;8711
3045;880
155;9351
9058;4762
3003;1236
6189;303
7783;3109
2922;9310
8351;9073
5772;9205
8417;741
6239;4370
5889;7996
4149;7051
4359;9344
5050;9305
8563;3134
2833;7561
4092;2226
2867;4005
9498;1538
3027;128
1012;3233
2273;9288
1571;2345
7092;7672
5692;2459
5477;3036
4761;4546
4439;8940
8581;7590
1214;7292
2649;84
7781;2448
7143;7503
4701;8906
9063;9270
6409;3461
1775;6839
6725;1571
6104;1109
107;5460
4540;2559
4905;8382
4675;4169
6832;6477
3795;2528
566;2390
9145;3688
4697;1559
2853;8213
2349;4520
381;8660
3877;3339
6973;9568
657;1258
7020;390
597;4123
651;2734
1713;935
288;4612
9732;9252
8713;2276
6648;8380
7977;3716
1452;8778
5377;6639
5520;2752
8889;359
5582;3087
4629;9476
3624;8197
1290;3360
9364;8945
5335;5330
8710;2330
643;4818
1702;870
4678;8371
156;8701
7787;9977
1018;794
9355;8381
3695;2202
5908;4816
6538;5238
7708;1269
4665;9970
5036;2311
379;7162
8725;123
9607;7232
6558;4490
2077;2255
6207;8991
5472;6421
3708;8683
2546;5606
96;1550
5902;5745
3063;6940
6165;5298
8199;7260
710;4412
3190;35
5416;7400
3938;7793
8277;3300
3410;4802
1921;8834
8443;3676
7623;8454
489;6372
3677;2309
4496;5780
1712;1435
150;317
342;3510
6947;8934
385;8027
5748;9048
7242;1500
3633;4337
6263;5388
6077;4849
1632;7841
7537;867
9577;7241
9010;8058
6015;2529
2888;4460
8931;5292
1970;6310
3463;5126
4784;2302
1623;4072
510;727
932;6958
6224;2218
1547;7032
3043;7830
127;1166
5073;6121
8875;3231
6009;4526
9906;2082
4700;2763
5084;6387
857;9985
4388;5690
6329;6440
3714;552
4417;5584
6343;2067
9605;5710
3598;5041
3536;92
6373;4236
7155;9572
9260;6578
4495;978
9240;6322
2620;9160
9530;3876
2212;2230
1877;3327
617;9030
9484;8336
2967;9956
5979;8353
1536;5643
8012;7040
6999;2364
1418;7836
7236;3761
5754;9281
5963;4713
5821;3739
6089;961
2646;5599
807;5259
9161;548
5209;9607
7459;8751
6756;335
6730;1075
3675;1290
8478;8978
2021;7980
3535;81
4805;5888
8666;8278
7619;6064
7945;3956
2154;7305
6003;3229
4400;7592
5825;8547
2510;9763
1616;8569
7034;9994
5688;4367
9143;3324
6451;4095
4292;6828
4610;3971
7940;8958
4377;9225
958;5586
6588;7591
4758;1811
3903;7639
3088;512
3908;9798
7263;8652
8769;5912
5977;8552
1631;3774
6847;4618
2065;4575
970;3280
3437;5750
6162;3182
9977;4687
2091;3501
6605;1232
1462;557
536;1988
4695;9828
6312;9648
7448;6416
6352;1124
6295;5762
9041;5591
1852;1315
5991;594
9266;9734
3032;5881
6765;9753
6149;1997
4986;5070
1797;6063
8070;6478
3407;7642
7610;7421
4479;1389
1167;1238
1393;4782
6534;2521
9113;5324
9194;4794
6653;8049
6299;1697
5903;1823
3454;8383
2723;1805
9148;9651
7257;6343
919;5535
2955;8369
5157;9876
4385;9998
1221;7230
1521;4784
9389;9788
9984;3614
8944;5117
2767;120
7352;2159
9095;851
2860;3816
7556;971
7172;601
5531;773
5366;3913
5928;89
5973;1810
3572;2814
8092;5526
4107;5924
7472;5001
1256;5688
4432;7326
9826;2604
4470;4116
9810;5894
7999;1790
6821;4908
2636;2872
3802;4108
4131;3885
9536;9536
7862;7314
8670;6671
4223;509
3797;1715
3125;380
4988;3914
8318;6844
9817;7641
5952;5870
6643;1873
4573;1585
3448;5777
1252;2672
9247;140
975;1832
6578;2986
1155;8879
5752;213
743;9158
4716;2583
9845;9749
4003;2970
5693;9262
4653;1259
2772;9535
6985;5835
3136;8695
8303;1593
6411;8578
7635;4868
6951;9581
7582;9919
6220;2405
9770;8473
1555;5689
2532;9312
2057;9597
772;5706
2219;6992
2083;9135
6493;2654
7084;1639
4391;276
1424;1471
3067;8037
2029;7357
2879;8309
3373;4725
9634;3619
9056;1733
3847;4944
9433;6690
4873;5205
9149;1581
3875;2041
9463;4610
944;3375
9199;5845
8096;8324
9523;8917
1693;9971
5281;5695
2277;4126
716;4543
7394;9209
1440;5279
2703;949
9102;7894
5667;4917
2871;2051
6581;374
6327;7071
4484;7310
2143;9525
3171;7510
3264;6092
1412;742
6997;257
1672;1964
4576;5159
1625;3843
1461;456
7703;1765
3054;495
7077;9342
3668;7706
6244;5059
2456;8437
4548;8344
2254;4222
5589;2344
2296;5182
7159;6679
3394;9027
98;8137
2981;7805
4528;2888
4710;3429
9203;5778
444;4253
2716;8819
3256;8096
6567;6501
9528;3113
1469;8017
200;2707
7387;1663
4254;147
6509;6360
6502;5664
8136;8298
3550;6503
6381;41
2186;5014
3741;2586
2256;5645
786;4105
2601;6956
170;1938
8857;5694
8447;1404
1103;6623
9885;2004
5792;3586
3021;1966
7932;4458
7909;3555
5025;3700
8821;7449
1046;3188
9178;3629
266;8052
2282;7062
9108;5382
6222;9306
4249;1906
2630;3708
6036;7441
2668;3538
4880;6512
324;8811
2663;5930
7249;9381
2358;8570
8520;8039
8669;3603
7195;7264
5343;8625
4730;7541
1357;1378
546;6375
4979;4604
3589;2687
9713;3482
4140;5046
679;3353
4586;1474
591;1388
21;3666
3487;3146
7597;9301
315;1209
8965;3814
4969;2497
1216;3016
8779;8875
3455;624
1757;4434
6415;7479
8840;3953
8488;7130
408;7570
5238;8799
3231;6697
5003;238
7234;7916
430;308
1263;4466
4196;4967
3110;9169
1557;2597
7061;3255
4338;5715
9335;8235
5873;6052
990;1844
9233;2014
5852;8038
8720;8588
3486;2022
2746;2728
8302;7659
2661;7746
9049;9579
6943;6030
8737;8600
1891;9972
211;4756
1670;7414
9612;7239
2711;3304
2882;5771
8592;8589
9309;3670
5923;7124
6804;1853
9419;3102
4364;887
4947;1077
7098;3983
3038;2026
8646;8752
2937;927
8099;3987
2513;7531
9736;3754
8194;2293
9910;6157
9813;5802
2799;736
81;2918
7079;8240
6221;110
7510;2749
1084;2560
7735;7262
4673;2540
4161;63
9422;702
7398;9454
7446;3734
9191;8908
2073;6605
1493;9446
234;5796
1564;7498
5968;7057
2719;8061
7782;5581
44;2545
9595;4648
3840;5451
3389;861
3338;3374
7404;3945
3180;8729
6960;8621
9235;2506
6755;1542
9458;6685
4068;5033
5916;5990
37;5160
15;9441
2319;8327
3108;4076
2734;9905
864;2737
1874;145
7483;2759
2422;9786
1104;2551
1008;2089
6898;7711
9702;9707
5964;3121
3434;8682
4577;816
8976;8110
1278;9072
6580;3370
7986;2761
844;2569
1067;4192
387;5827
5131;6315
3157;9823
5137;6703
4590;6482
3880;7338
1844;3430
5966;6564
4798;3755
1969;1789
9688;5891
5955;6386
9983;739
5605;6856
5851;7274
1062;5484
2187;5416
6109;1996
6968;5006
6059;4114
8434;2169
3116;1891
9248;4518
147;7476
6464;2961
1778;8867
9163;7279
5558;2646
5636;3317
9928;3019
7346;7646
4664;9785
152;5399
3721;2846
6601;9660
9352;3145
2417;1227
9578;6189
9644;2252
4624;6198
1443;1028
3356;6116
1922;7280
4031;8127
9060;8816
5133;958
5676;6024
9196;7473
2966;4993
4886;1722
9520;475
7950;4638
8599;7678
122;1919
5913;5752
5185;4776
4017;9366
6709;9031
4311;9261
7045;9754
2975;1294
1147;6942
8942;7349
30;4196
763;9285
7428;4447
9086;3473
2743;2957
2827;4298
6309;6045
5649;2618
8291;7915
9823;6233
1688;1130
4334;1205
4333;4190
7928;4874
1589;3658
2973;1911
7817;8664
9697;1325
366;3245
68;7653
7207;4813
1545;3359
4451;6930
4274;956
3688;3881
1448;4409
2553;6266
3513;3238
7799;6278
9989;6241
9491;1621
7567;5711
2480;6643
7521;1831
3361;9394
9794;7744
301;8131
6820;2204
3491;7133
7456;3857
6527;7512
7058;1132
9319;546
9449;9818
9642;8447
8963;362
678;7303
4291;7366
3707;4305
4836;1712
8928;196
6684;8196
2437;8748
7971;5430
3581;2417
3872;4198
8730;2744
4935;4227
7471;9892
2407;2274
8473;8209
7688;2427
5423;9689
1711;8370
2608;2784
3921;1679
3950;9794
7774;6808
1015;8388
2934;4510
1898;4710
6640;1561
1609;1199
6459;3519
5344;5097
4503;9762
1402;6173
9343;930
8617;6057
2335;5852
3349;5613
6928;533
5675;6361
721;9920
6528;3397
2560;5490
3224;2471
6200;6827
583;6916
394;5390
9261;3116
8645;2426
9294;222
8489;795
7739;6258
3399;4895
6603;3593
3746;2878
9441;9464
1311;3041
7682;3354
7844;9638
5160;2751
9421;1900
4656;9313
6424;7652
6824;8430
7018;1492
9174;1499
6039;9140
3765;8183
9019;7452
945;8343
9336;4121
9275;6110
1208;8737
5547;6747
4270;4959
4694;1562
2353;6864
4764;1394
6959;9960
3314;508
4407;5
442;4395
2071;7537
8483;4417
1377;9415
5211;9951
3718;2939
6690;2349
4827;7148
9459;3377
9846;1479
2583;7323
8744;5415
3016;7758
8651;9518
7908;6528
4729;3043
5101;8247
1343;6823
8597;5192
7417;597
8706;8953
4049;6317
9926;5042
3786;8237
2850;9624
9351;4214
3376;6013
713;2664
6980;9915
5021;7612
4209;3660
6146;2132
1479;6674
6965;4278
9551;9273
9641;7985
7074;5791
3851;3631
9474;5683
7043;2787
1031;136
6930;106
6835;9263
5723;9330
2355;9374
7114;3622
4315;7696
502;4767
6067;1897
8235;9543
8807;1277
2496;4185
6732;6645
3642;1491
7895;8659
784;4454
5002;9173
6982;4075
9661;9339
1265;9589
9447;8929
3402;5968
3961;9924
3191;8002
2515;6723
790;8500
5289;4456
8479;5351
6470;3247
5043;8631
5267;9349
9416;4718
9976;6751
5876;9513
2224;5035
8036;4226
4007;3272
1308;9190
9104;5202
5769;1685
7356;3451
1113;2257
1036;3195
2337;4482
8802;3079
2411;5726
9925;4711
639;1732
6283;6054
7822;5478
2896;9185
6169;1091
8376;8282
5000;6592
8882;9077
9509;6366
687;3497
2712;4870
7462;2415
8020;8941
409;8242
6678;9682
3091;4970
1945;2358
1700;1431
3783;5010
8137;2804
3614;2048
2484;902
6018;2677
9568;4488
8572;3189
2728;9927
1321;7011
4004;9822
1149;3960
9533;4457
1154;2631
3747;3750
4620;4321
3893;4774
7874;1711
8270;8990
2105;5397
8461;4007
7000;3383
7755;1510
5270;433
6261;4406
4490;3022
6219;2892
7756;757
2173;9120
2671;3680
3826;1802
816;7050
5469;6566
1576;3487
3836;2624
1026;4435
7069;5357
1094;7044
469;629
8469;6320
7146;3455
424;3167
7820;4411
1673;9327
5320;2854
173;9063
336;8297
5712;9884
6812;8078
6720;2780
1234;6125
4864;9750
7593;292
4021;4992
8005;8663
5454;146
5286;4940
9804;7017
3005;4157
8193;3044
3436;6211
7706;4589
5716;1921
9409;3049
5494;4834
6042;4249
3242;5617
9896;2354
589;4164
7135;6842
1923;4840
2323;268
3963;4004
1249;7430
4433;4900
4978;8610
5390;9751
5841;6852
5334;4752
4843;5993
5071;5698
1501;6252
839;177
7546;5176
8833;2011
8860;8822
6533;4248
9289;6954
6291;2674
2228;2126
3342;4142
4904;6971
7707;845
6496;9240
3471;1069
1522;8467
2987;4104
8736;4790
6877;6752
9218;3968
9135;9069
7464;6858
201;3170
1332;4016
876;4978
8542;7204
5057;8641
6145;8634
8925;9425
9375;1268
2653;48
871;9664
1370;5525
3715;3118
5640;451
9425;4883
4147;3194
4956;9891
997;3550
2216;9534
4184;5743
9432;6926
6594;5612
8639;2060
8618;7267
7653;2835
902;8807
6196;5282
4300;7405
5600;6565
8623;4580
63;5262
9074;5170
2958;1253
479;4563
2573;6606
1873;5563
7024;9473
5388;5348
7380;437
1281;1152
153;5455
1881;5270
8338;7247
966;9078
3561;5421
7779;5823
4789;3076
9007;9067
2394;4921
7865;712
1780;6582
7429;6559
4194;5157
6338;3470
1912;6770
6707;2479
918;8888
1065;2402
5883;8826
4104;9863
3544;5107
9772;1264
3636;4565
7019;1865
7851;2519
7233;5100
5042;3155
6914;2935
8880;9234
8987;4667
6270;3250
3841;4171
1127;3944
7838;5120
9368;7647
463;5819
4959;2094
6052;4187
286;9986
226;5196
130;9616
5650;761
3168;7885
2985;7906
7369;3950
3806;9098
5384;1932
6204;4055
7505;5872
2619;9271
9314;730
2316;2909
1074;9758
5901;588
2798;6846
7719;3120
4081;3026
2352;2902
8738;450
6548;8357
5761;3211
2697;8033
676;9170
8273;8942
5411;7159
8313;9463
8191;8508
5696;8745
9339;4001
7529;4799
8900;405
8050;8488
8237;4800
3634;9551
5318;5765
7258;126
8225;7589
8297;1237
1230;3996
3019;7745
7558;4352
7410;2839
6335;5863
2873;2437
1878;8280
7320;3777
4474;4442
7455;6447
813;7551
4472;1566
3820;9268
3709;1304
9789;2170
1419;7927
4307;2494
3706;4899
6235;6558
370;5447
9962;2922
5260;5515
2810;8843
338;4619
5961;5386
9970;9324
9076;3800
8786;4287
8163;1475
3189;9800
246;8802
2724;8927
9262;8950
1789;9128
9296;3023
114;1291
3414;831
7517;2003
558;7705
8246;6281
5823;4441
5872;6647
9757;6302
7519;5322
3774;6610
4162;9142
4751;9580
2779;6177
8285;9893
4314;7613
2674;5227
3464;1958
5216;5626
7643;236
2792;4125
3401;8721
9347;5898
5473;5561
2079;680
9763;9058
8213;8310
2964;737
2915;5040
8227;7125
3161;72
5548;6730
4839;2176
6839;4930
3585;8510
3712;3112
2239;7717
4714;3267
323;3832
5438;7093
9714;7253
5822;2300
3302;6404
9337;2562
7528;4968
9611;6773
7984;3103
1363;1274
9072;5649
2176;438
8422;2830
3484;7431
1489;4257
3767;6046
8547;7777
7384;3215
7129;5741
7698;2648
8668;5616
7465;7811
1613;1579
6825;7139
2479;5728
6785;7182
6426;6604
3940;8774
3124;6285
5368;7198
773;4636
6833;5922
4606;4046
2783;2201
6345;2361
1050;6435
1039;7250
928;1376
7081;1042
1904;6882
8975;7392
4012;4832
9597;4145
5633;3514
6680;3751
2800;4259
2923;7150
4659;6050
7001;1594
5448;1684
9038;6316
4647;1409
4885;894
7466;2554
7060;6324
8852;1700
3772;5410
7966;8501
6646;9510
287;9118
6942;7143
1228;8744
9244;596
4958;850
5999;5957
2402;2185
447;8287
2590;7960
826;4230
1715;898
8972;498
1374;9062
1998;4272
2982;7708
5909;8708
9561;6000
1779;9494
2679;9321
7997;3439
9608;6959
2396;9334
2501;3824
4457;8431
823;8493
8281;8592
9715;4755
1907;5980
3103;3863
1097;5810
8377;5463
1349;7355
8958;2753
969;733
5765;5646
2449;3683
5943;4032
4047;487
5705;6762
8649;4129
9488;2801
6766;2410
1701;3227
5463;1584
3885;7462
6543;2791
8060;4556
6702;4532
9184;4805
2550;8082
9160;407
7208;5935
4101;8923
1526;2013
2468;468
2168;8848
8244;6845
5258;3302
5647;5054
2089;8436
5481;1716
9230;6748
8463;6142
7668;9966
2572;8976
6422;1175
8448;6818
6624;3959
9850;3964
810;5094
3440;1090
6844;441
5061;8395
8873;7919
952;3371
668;2481
8981;2873
6673;3972
3158;5497
2492;2262
2263;6531
8014;7322
1279;1649
4275;2016
5939;5419
2797;3457
5784;3823
2451;9740
1520;9113
4879;8221
160;4047
1954;7587
633;4743
5781;7525
7632;9318
4365;3025
7419;6707
258;9978
8091;4459
4693;2063
410;5808
5534;1887
6685;1801
8820;7254
6469;9250
4163;9103
9978;38
9499;4383
851;7683
58;6201
5501;2096
8966;1465
2907;2668
249;7925
706;8484
6293;2158
8804;3664
1767;1914
1933;1752
7295;4184
2365;5339
3838;7464
8004;4478
4895;6814
4614;5776
5070;2227
8097;175
8264;3168
4533;1297
8458;7248
3111;7328
9393;6689
1917;9009
3330;7251
2170;7005
7807;6650
3696;866
548;9706
7583;6774
1562;2705
1063;2723
621;1462
4974;5769
3210;3207
3029;5045
8031;4219
2243;2964
7983;3382
4868;467
3617;4262
1893;305
9639;5254
6108;165
2236;4437
238;2943
9503;3413
3610;1714
8167;4511
2516;5055
7515;897
8216;2397
7179;4293
6246;7030
795;5374
5568;8733
2356;3855
8039;5015
5030;9247
5926;5800
2384;1570
99;1112
2622;7269
357;7350
4435;6532
2347;3844
7343;1532
7199;4
9396;5500
9601;5121
305;5226
2563;3301
5864;770
529;8374
7298;1672
8734;1314
5513;7415
3593;5704
5462;789
8776;4040
6861;1425
4661;4625
5858;6181
9946;8909
6020;461
7790;5433
4768;7243
5082;8673
6471;991
3693;9916
5886;7929
6498;1354
754;3714
5674;8260
9734;2828
508;4344
745;4195
6508;2552
1525;6755
5371;5051
6705;2588
2943;5571
8704;6020
5166;599
1126;443
2564;3239
9564;3541
1568;872
7922;8145
3235;3561
4906;1142
889;7719
1761;9315
6279;1660
6167;8806
5517;7571
420;4316
8160;5588
2350;7035
3749;9632
7160;523
5453;743
3777;6668
6147;954
4065;6711
9217;6168
909;8930
4899;4758
7974;5860
2222;9480
6796;775
5621;3460
1358;9691
3492;6279
5114;7327
5288;124
4760;8675
730;198
9820;8568
2658;5724
2805;8514
257;2400
4733;9683
6139;2109
2738;5178
9796;4477
4369;5355
732;2536
199;4566
3164;1129
9326;3991
4376;3253
8974;8415
1666;4850
5801;1747
4126;9238
6407;9096
769;9955
682;9904
3443;5216
6292;5976
6005;4083
4351;8218
6477;2678
2926;3657
4857;1785
4061;8546
6945;6702
1285;9512
2416;4061
1774;2199
4024;1317
8661;288
9127;6853
5566;8951
5247;4056
2698;8840
4745;3212
1468;1762
9464;1367
9636;1023
6927;6055
5573;5361
5369;6964
6228;2273
7029;1858
5937;2730
6897;3286
4817;2796
5753;6286
9800;3508
6565;6089
9667;529
5869;784
854;5090
299;8498
5819;2455
5967;3399
6102;6230
4135;3125
4622;8112
8601;223
9320;6663
2817;6804
3628;8438
532;6497
5820;1615
3143;8716
8920;4024
2935;9081
3010;4098
3390;832
2381;1483
9382;7088
2673;43
6978;3299
4030;4765
9584;753
3956;3244
9121;749
3305;9528
1432;7149
5380;6072
9279;3647
8326;6616
1586;2120
5112;5754
73;2634
16;9459
3396;9614
7250;424
2891;8654
464;9712
6873;1824
3681;3426
1269;3485
7633;8946
2007;1265
435;6982
4563;997
452;5071
8569;3919
7990;4464
8724;3563
9354;9997
5914;8706
3827;332
3117;6603
2226;1076
335;8302
8654;7347
6845;9198
814;7975
300;3626
4808;176
8947;2087
4598;6199
8171;5098
2925;4500
5832;7478
9011;1905
5599;3806
7824;7188
8192;6289
9654;6874
8423;9556
8198;8126
9526;6186
6487;8358
797;9640
9236;7732
5452;7661
1714;8340
4779;7560
6210;3779
9059;4596
478;1208
2292;9942
8603;6060
4703;2510
9232;5448
7177;3083
8368;4910
6731;8503
1510;4300
9972;4771
5020;469
5404;1329
8825;6999
587;6521
6529;8356
2787;2838
3093;7293
7829;7226
3771;6146
5016;6039
1273;6627
557;6880
6692;622
6505;6455
1381;9676
561;2084
2607;343
9842;8475
1487;1783
453;6537
5986;5817
7700;7402
8455;6049
6586;9784
7126;6179
6779;3578
6316;385
4824;2874
2968;2220
3584;7324
5215;9100
1900;7052
4630;7944
7768;3310
4287;5788
6994;5813
9097;7887
3039;3927
3094;439
4130;2186
3615;6041
3948;3720
8957;412
8979;9127
751;2660
4243;2267
8997;6640
9443;3171
3556;4856
7720;2997
3571;2539
9833;6722
3742;3261
9791;2108
5197;4888
6728;4481
9;3704
6671;3867
2548;23
2392;3836
7030;4168
7886;9861
7946;2972
2099;9925
2784;6042
3730;4365
2425;2032
8787;1515
4643;4094
4866;8871
1316;88
4801;1907
1729;1524
1507;6307
2910;1746
747;7369
4386;2457
6740;1064
835;8696
5994;6299
3935;476
1862;2958
5728;1766
348;559
7322;4775
3683;94
9110;8955
9367;3166
3114;4673
2584;3101
9592;5693
1289;9500
5066;9177
8627;6571
1690;3607
3711;8215
6620;9083
2245;6003
256;354
5875;2303
5429;9711
8391;7115
6667;3476
3000;8717
8460;3786
6989;46
473;4119
757;1401
3895;8089
92;3378
2119;5867
8336;1944
891;9830
5555;227
9471;2484
3674;3156
5169;6953
580;4898
9638;544
5956;5118
3064;2375
2196;2129
4762;2382
6416;8272
9467;8670
9917;3142
1986;6192
9080;8517
6457;7807
9567;5149
7617;7533
4734;6388
4829;5449
3620;835
1569;8376
8406;2483
1451;2861
834;859
9401;2842
3398;1263
6363;5266
9766;4199
4142;8276
3669;2357
1579;9125
2587;3214
5833;7160
3656;5012
9202;8907
6484;1460
8567;24
6323;925
9246;3390
5527;8229
142;6611
5233;7521
5356;1698
8222;7166
1696;1779
1764;1233
9957;323
8934;937
6817;9449
4390;8738
2367;811
7760;8759
1030;4524
3248;8050
3818;751
6294;5194
5954;7709
9786;3311
8466;3484
2571;881
4018;8203
8142;9560
2525;7654
8749;8863
7630;180
1239;4724
2280;3744
609;5454
3167;8944
2826;5984
9967;3780
2707;9635
145;4875
1245;6642
5808;4977
5630;255
2519;8629
7197;8090
7445;8389
4632;5908
9599;3789
8242;2859
8633;6071
8509;7852
8294;9653
2305;9224
3077;8064
4599;1070
7507;1591
5639;9692
9696;9989
2446;1486
5729;8724
1983;1320
1629;6139
1559;3415
4991;5286
4234;3910
8793;9545
3586;8710
5361;8228
9565;5127
5044;558
2775;5106
8385;2066
3526;2421
9018;9088
4452;3218
4375;4751
5900;8640
3748;2626
5075;4626
9620;4136
2722;3669
4180;4275
254;8739
1926;9154
1355;5766
5782;4359
2683;2681
9867;2518
4821;6859
9838;7886
9313;1298
6726;1104
6750;8891
5500;982
1496;6936
8149;3883
574;2517
9980;810
948;836
2916;7286
3197;2138
7640;6205
6745;7129
2443;3803
8305;2023
3945;4355
6661;1669
1219;1052
9750;5944
5252;4957
1284;2085
4327;207
3375;7172
6014;4235
9587;3689
4321;2975
5760;970
5351;350
4609;625
604;5773
708;3191
9420;634
7048;125
8723;8269
9124;1210
5811;9769
8789;5372
741;7444
1979;1469
1956;366
2819;2270
3120;9150
3011;4433
2898;5004
7775;659
7763;6599
6248;6635
2842;3015
6729;3128
3295;6453
9096;9223
6124;4529
7453;6600
6896;1143
9552;2712
423;3020
8674;7817
3372;1980
6364;5377
9128;4030
9952;6282
6240;674
5885;5749
9932;6658
8716;8614
5451;5927
6445;5671
7982;1363
118;4990
7040;1778
5395;5986
5670;4781
5397;9865
1707;1309
2844;704
1480;1472
8272;873
9733;7789
9717;7824
733;9727
8032;6529
6400;9991
3666;8249
5984;9162
2390;8250
2166;4723
5087;946
4192;7828
6885;8070
2540;9044
1292;7010
9725;1057
7400;4292
7543;7257
8034;637
538;37
5171;7103
1771;1300
1060;1110
2530;3069
3729;1922
4319;5225
9797;5287
8298;1088
1217;5707
2124;8396
9214;8094
9921;7237
3621;6920
3737;8288
6029;2264
1974;2383
2447;4049
102;9042
6647;2711
5783;1411
7845;8392
2419;4534
1287;5747
8765;3899
7326;972
448;260
5273;2827
8589;787
7451;6962
4103;9870
626;9011
4911;8528
541;4655
7115;750
1028;239
5684;5760
4144;7965
7406;6825
9788;923
8585;4117
6742;9326
4754;105
9828;4245
4080;8727
3543;4951
3953;9993
5444;21
2423;479
9021;7240
1554;4979
8927;7054
8221;993
4277;1718
2748;2702
1703;9824
5039;864
3639;5742
5718;6960
1915;1319
3141;4438
8938;6448
9242;217
208;6104
443;4985
8667;9973
163;82
1353;2453
1681;1200
2237;8341
6546;9047
3044;5153
4271;7210
3294;6191
7222;9132
3761;9212
7725;5720
8586;1364
3687;9409
6524;1937
3365;8162
4655;2534
5756;8009
2802;8775
5382;3481
9079;2146
4213;189
4281;2160
7292;3264
2780;1066
5948;8164
8523;4053
7752;1708
5354;2475
2491;4778
3796;7317
602;8284
5920;8762
3736;9544
9660;554
8838;3438
359;2743
5106;3346
7773;652
6351;3597
2300;2283
8275;7716
2681;9136
2744;3328
570;1818
2990;506
6912;6364
1585;6247
7049;5215
1233;6652
277;944
8901;1855
9456;1674
1800;5297
6368;5555
5264;5510
9753;3738
8831;8251
345;7299
5410;606
7336;1506
6774;2038
6040;2059
7274;3410
8468;570
3976;8450
4930;2194
9547;2134
1400;2069
62;1737
3306;5105
1241;6812
7096;1658
4172;401
7742;5824
23;7951
3652;8825
5526;5609
1075;6860
9591;948
1203;5082
4890;9144
2841;2591
3813;1285
5800;9950
4537;5450
5817;2018
7036;5404
3069;8425
8293;4091
4113;3554
2868;5853
2303;8912
3339;2327
5041;4693
9223;3583
1870;281
5609;5994
5525;59
998;1822
7373;8784
562;7490
7943;9654
3457;6694
1792;6904
3692;9953
2485;6044
4849;5659
2063;4035
8766;4926
6122;3718
982;612
84;8700
119;7354
4534;7631
4255;7179
8166;8115
6081;190
1464;5025
2399;8140
7480;6291
4579;1279
1558;9053
9082;8387
483;5977
4823;3958
5946;4137
3092;578
2970;7606
2266;7174
1663;5538
4299;4086
8872;9041
6744;2002
8106;5946
4242;3283
2487;6214
6813;6025
9553;9060
5596;6183
2341;4034
7201;7695
9511;6434
6080;1242
7724;7184
5220;6242
7147;1877
7374;76
3852;2735
8356;6764
8596;3051
2801;1610
598;6098
72;6587
9187;9316
6;8903
3391;5219
248;7377
1145;8726
9446;7664
820;8261
856;5342
8315;4750
7427;9781
2281;8226
3845;6580
2667;5016
3849;2921
9822;4436
8855;3717
9162;2017
312;943
8471;5569
916;1787
1229;3151
1091;2307
9134;9475
5737;8823
6733;6619
1139;287
3704;7107
103;2444
831;9279
6232;5020
2657;8691
7891;9874
1166;5058
5401;2258
9211;5479
6788;5861
4709;7506
393;8936
8337;8865
7241;7637
6121;7771
1080;3448
5441;3444
3775;7466
5499;7043
5412;470
6195;8175
3909;1630
2869;1596
18;5387
6842;781
4179;5687
4594;1102
6531;4269
5470;856
3127;2988
3350;9258
500;8455
8504;1525
9506;211
8727;7373
9866;4621
1876;6158
6783;3897
8103;9376
2034;9550
202;1443
3468;6744
5892;7432
9282;2362
2409;5615
3106;8971
2544;3100
8548;1470
7586;192
5651;4609
2459;7197
2770;3645
4852;7687
124;9509
988;644
7244;9546
7841;9688
2852;1106
853;9532
3588;162
7383;471
8560;7957
698;9486
4173;6065
373;2430
6112;3202
5546;4923
1546;818
4616;9952
5601;3589
1548;9495
7482;3454
4755;3216
2650;6248
901;6305
4992;3068
2060;723
6560;5873
9147;8502
6595;3387
4368;4153
5017;1029
9749;452
9215;2818
328;5183
474;7418
6582;9783
7730;7222
9863;4689
456;4931
565;8485
5799;9649
4456;5469
3575;5897
8430;8518
9911;8406
5990;5021
7711;6022
4940;9587
6510;8566
4491;1882
2000;2210
7141;3762
7219;7061
553;420
832;6672
2839;3160
4500;7579
2627;4669
5322;4966
7023;7101
7261;6569
7744;183
8828;3406
1695;2234
6749;513
2129;1676
9907;7723
9040;2399
2654;5985
9560;4846
4966;600
7457;3210
865;663
6434;3813
2829;6423
6857;107
1378;9947
2301;8417
4557;6769
3335;3052
6482;2701
3854;2985
6551;919
4742;1140
9193;8220
1306;7853
5655;8136
3026;892
6904;4427
9228;3715
168;9429
8743;4730
4870;9287
2624;7544
922;3434
1940;940
8628;4855
7501;9613
9349;5336
1674;7242
6790;526
8612;6487
4352;3297
4504;2894
1823;4981
9192;5814
6622;2280
9711;7364
41;5443
2814;648
7011;4732
2863;3525
3937;4703
5785;6508
9008;8010
2461;232
4553;4506
1723;2573
6166;309
9054;4472
5706;3961
6150;111
1869;7538
5878;4953
2899;5289
8203;391
5591;5199
5306;5221
8535;6573
3650;6997
5947;7839
5704;7329
9807;8975
5535;6666
9939;1993
516;5473
8896;1965
1865;141
1537;7921
5790;660
4370;6872
8891;2697
5246;2182
6300;3108
5460;6492
358;3851
8595;6963
2238;8442
8726;1050
7316;7158
1272;7528
1950;8921
3332;4045
8778;517
2207;333
5007;5050
8399;786
7788;112
1892;3672
930;501
5610;85
5203;5607
2554;1336
3915;4302
4357;5210
5074;9537
5671;3900
4129;4828
88;4054
8484;4769
9831;3308
9899;52
8848;2877
7439;7949
6022;8747
9036;7368
7511;8598
1422;7391
3819;2256
7835;1901
3084;4003
7969;4841
2278;9055
8119;2612
5713;3775
3791;4191
3321;4111
6658;2118
2152;2253
1335;8839
7573;4495
9876;5562
1210;4424
7007;8973
4967;9109
4328;3475
782;6615
346;834
2116;8124
5051;6206
4555;4591
157;3585
2375;7203
9718;9918
8895;4028
4117;1774
6333;9265
9812;9673
6151;8698
5887;7862
9843;6383
8500;1957
9900;3659
7460;8897
9057;9943
3667;2275
4122;2954
2174;2064
5237;6915
7650;9521
176;4587
4704;1437
193;8474
355;6114
2199;7492
7003;6152
6090;7596
1975;3292
3720;5731
1756;7780
5734;7778
6234;8461
1243;986
4410;2603
9615;7206
808;5702
559;417
6890;7091
2702;9337
980;5307
4002;2931
4477;4309
7828;536
6781;2693
9435;2926
6612;271
1618;3458
8026;8914
2465;477
2688;3531
798;3608
9903;7520
5932;516
3590;657
380;7396
4416;1529
7621;7383
7889;1356
3929;6898
3133;6124
499;4976
2149;2720
7806;1202
4853;6921
9014;7136
4146;1027
4746;973
46;2474
3198;2886
445;8277
2293;4826
10;8399
5153;148
2022;514
8602;7069
3605;3825
3325;5999
4855;49
6950;9980
8559;8522
7468;4048
3946;9051
5027;9662
4118;1390
1409;9061
2597;9940
1317;6713
937;2171
3311;6108
9115;6498
6916;464
5338;4006
3505;4461
8770;3342
5681;8150
60;80
4917;7407
2604;5253
3979;3348
4022;1133
2189;4562
6365;5949
8721;2208
5068;3284
1162;5576
3388;228
9179;5296
8141;8606
4850;2036
9886;8505
2122;1645
368;6938
3864;3123
8951;2651
7770;4283
1908;7962
5457;4607
217;3802
9276;7111
4205;9336
1599;5265
6884;8303
9204;7562
3130;9034
4382;5540
4261;758
6979;9435
6175;6862
166;7873
4358;9517
9397;9524
137;2163
4054;3306
7086;7266
3889;6793
1634;2434
8299;7555
4822;3422
5109;7881
7994;1131
6935;9946
3514;7963
2901;9779
6689;7971
878;6543
6076;2535
7422;7981
2878;7600
3870;998
5502;144
3744;8964
2433;4928
4580;4418
603;8366
1768;9291
9698;6227
3607;4680
5090;7390
977;9806
7625;3499
1238;4204
1560;9218
7762;8513
1740;8846
6659;6629
4777;1020
9854;2607
2956;3724
6652;3598
8907;9499
8358;1357
8712;6895
2310;530
8029;4002
1607;8987
6944;2037
2655;7313
1129;9202
1322;2933
3367;3713
6995;7475
8011;4731
6289;3709
5536;6456
578;1574
5827;5549
4929;9531
6488;2592
8999;3611
8161;7002
341;337
6045;2777
6212;8147
8018;5144
4887;1180
627;426
2504;67
4066;6394
465;5992
6342;8257
4882;3431
5293;9470
8133;2071
5562;7848
8995;2215
7697;7340
9445;4332
2075;6868
581;9163
1561;9604
5178;3982
8910;4240
9628;5031
9327;1191
7161;765
9245;3293
9996;6257
9860;2746
7435;5597
2258;959
6830;6813
4380;980
6807;5304
4568;4274
833;3423
5158;7583
9478;2343
2415;7086
4859;3869
9065;7321
5475;5048
2499;709
5274;3135
5672;4384
1856;6641
1151;204
8327;6776
515;8331
6132;3662
7544;953
8980;458
5809;721
7751;3333
1133;683
3844;4139
9328;4827
1389;8539
7494;7048
8202;9145
3582;5243
1090;8961
6073;4162
7053;2789
5126;806
935;3314
6298;4389
4634;4851
9224;7802
7260;2514
3290;7361
974;129
9622;1248
4109;5412
6444;1196
3702;6820
3789;7543
8746;2868
7490;7679
487;9407
4037;2083
1096;9631
7004;3169
2004;4554
2197;3895
5482;4025
3679;1117
7953;1381
6777;9102
6287;4285
9508;7938
2032;9401
8846;9840
1288;5468
6091;5009
2942;8686
9731;915
9859;6551
8352;1184
8230;7459
110;3677
9893;7966
8576;5868
1297;9233
8420;4727
5446;8725
4229;7212
1338;7362
3545;4194
8573;566
7890;9112
2442;5635
7321;6530
2020;4324
446;1626
9955;4317
9945;1788
4082;9255
1894;1115
8245;1477
1958;7610
5261;9630
9767;6972
3431;5850
2610;7734
6337;8524
9466;8201
4026;2756
6303;6607
472;4665
880;3091
5921;4369
2027;5996
6193;1605
6870;2733
2072;7943
6095;64
2946;202
9933;5428
1386;2392
827;5580
9602;3668
593;6517
319;1007
7631;2062
6440;8258
7745;3037
9575;3693
1866;2960
9439;4601
2793;6933
2299;4804
7769;9792
3105;9717
3657;643
7710;3639
6763;4906
3947;2741
6741;8801
8170;3609
4064;8542
7039;1332
9413;7412
7360;8919
3337;7675
5188;5315
6043;1800
4889;1067
1503;9735
9916;890
9855;6712
991;604
1744;6758
4948;4686
8511;3385
4419;2879
7729;7344
7481;6538
8790;5424
1934;3571
4961;3574
164;1433
9172;1750
600;466
2385;9211
2929;488
7264;212
8993;330
2155;3257
2160;8022
120;7941
9280;2353
9286;58
4950;5550
1835;3440
2881;7385
8729;2114
5326;5456
8256;9402
7637;4392
8140;6088
3930;2384
3313;510
4301;3295
7871;8531
339;6931
4217;188
3518;9365
5095;9001
1697;2912
455;2088
8555;8730
197;6261
6361;5641
2093;4148
78;8765
9868;9460
1186;9340
845;2207
2357;5027
5515;1410
27;4175
93;1234
9062;7754
1009;3837
2952;8149
9274;2140
4250;8365
5225;375
3107;8123
4769;5439
347;2351
4946;4766
6557;2800
7716;3772
5985;1913
4549;2944
3523;2188
3322;5834
987;3917
3222;2425
1535;5465
4623;869
4782;8992
5236;3260
6822;2924
6860;5187
2309;4341
8146;4570
4529;2249
6437;8101
3520;6847
8688;1813
2750;5135
894;4366
8113;9650
3496;7693
579;7141
9684;614
3450;1217
3333;8492
1523;722
6269;9370
64;9362
2757;6325
4900;3566
3344;2332
3400;9725
9594;6541
5385;4492
8561;2080
2405;6897
1961;8394
8286;7186
4660;5857
9930;3394
7099;5856
3324;8963
3441;3254
436;4107
7921;1455
1087;3943
5443;4050
4593;9121
2586;410
5119;3820
70;2695
6793;5821
6610;2124
9045;1514
5570;6609
251;1417
6571;3154
3395;8187
6649;3791
9505;1557
8584;65
6618;3523
480;6602
5571;2593
2687;3071
8505;2599
8280;2810
2312;3847
872;7909
4841;4740
759;5007
3627;1691
8806;3858
87;728
4296;5495
6027;5925
8794;17
412;3937
2265;5197
1678;581
4441;3810
7955;5517
4193;3548
2111;9107
768;906
1109;3469
7031;7601
7282;8322
3539;7333
7256;4393
8147;3288
4323;1977
3968;7271
9291;7208
674;6077
818;3728
2382;7514
5971;6468
6390;2460
9814;4907
8135;2323
912;316
1088;4939
6889;5063
9809;1761
5685;2794
1350;6495
3298;9996
1799;220
9139;9693
1646;5519
8709;367
7492;249
6936;1508
9965;8158
8320;1924
599;7797
1032;3853
4190;5833
6823;8244
2016;2930
6895;9161
8367;3773
9941;5577
5691;7295
3346;5969
7905;3029
8864;6533
7474;2823
2113;2798
3785;689
6530;4158
2191;2449
7863;5391
1450;3954
4719;5338
4556;7530
7444;1833
9975;2847
9288;1266
3830;5444
5268;2923
2971;6523
2760;9675
9790;2642
1170;3018
9071;1002
778;481
9256;2773
9315;3888
8078;5911
6197;5281
6974;3388
1810;1293
5275;7306
9476;8390
6924;9462
3685;2629
7832;4231
7547;9364
9103;3094
3676;3141
1342;7214
6262;5803
2847;9974
7557;9143
1508;5665
9118;4905
7450;8998
242;2480
1591;1665
3345;9404
2047;6002
360;2640
7145;3506
9562;4676
8960;1606
4;2446
595;4876
3488;6608
2980;6632
9305;7523
4000;4023
2933;9810
2740;5122
4362;3315
8384;9439
8082;4277
3368;5407
9951;9065
6760;7735
8365;3056
8798;5018
1444;655
9271;535
9521;4033
1118;3236
2921;6912
5174;2696
9461;9095
847;9839
8747;9024
2134;9249
6518;8279
8188;2053
3725;8023
5989;2379
6792;5163
4488;769
7186;4163
8528;9289
7901;2714
7870;2543
1004;9928
9685;1864
7843;7875
983;534
7032;6877
2386;5714
5579;9074
7372;7315
2855;6659
4939;1847
8322;3248
8334;9860
3228;1359
4688;8408
2471;1638
53;5816
6666;4894
5386;1703
5091;2760
6194;7827
9168;6784
7797;3870
7303;6348
4167;6907
2692;5426
5296;1795
2778;6819
7082;630
2962;9092
413;4963
8988;9503
8996;6905
582;6195
8229;9007
2150;34
7479;6838
9658;3030
9212;3916
3184;1203
520;3062
7168;6015
6206;2675
7367;264
1755;5841
3270;6589
8877;234
4330;4485
792;7178
3201;938
1348;3933
6704;6798
3821;9359
5988;4440
1542;1244
133;1024
9403;661
5623;8051
8678;5453
3100;8190
3932;3740
8717;6941
49;3078
9563;8224
7541;8176
6385;1225
7200;996
3383;1160
9857;3582
4075;3391
3686;5730
1531;1608
4519;9194
5265;4483
4631;8649
7572;9018
4512;2164
3994;2243
8409;846
6062;1049
9176;1724
8871;7640
1658;9680
2791;9713
2609;8824
737;8746
9651;6409
3412;5718
5703;7883
5506;7190
5243;5486
9451;8139
3646;9850
2884;8146
2497;4398
6784;9427
384;6432
5763;3148
3360;5682
1920;1084
8271;3518
6326;6789
665;1171
6801;3635
6004;4647
3941;2223
6906;9244
5744;2100
1144;7268
2014;8400
8908;419
6214;9296
2569;7726
1759;9962
3790;8624
1049;4021
2559;7382
3887;2010
3882;1039
4320;9004
4218;33
8139;5240
167;4643
8413;1213
395;4865
2130;444
138;6822
9803;7278
3576;2376
6563;6178
2670;9507
2598;8443
6066;1836
4685;2240
915;8932
3446;5409
4278;8766
5645;3159
819;3872
3499;4728
7840;8557
2849;1904
9333;5899
4246;295
7076;1422
6257;3768
8510;6687
6629;6869
8498;5638
5509;9554
5584;7227
3085;5572
205;9812
5503;2622
509;7806
6148;3599
793;8580
2528;56
9703;6546
6971;9815
8630;4798
9722;1600
8474;5394
6638;8966
5314;1288
3415;5146
3823;4150
4574;4877
9411;4404
3931;1942
7622;457
3981;7288
2745;8607
7882;4539
1684;820
5189;5608
3266;502
4960;1053
3829;473
1709;5305
2156;649
65;7976
216;4449
2242;2367
2877;352
4772;3084
2455;95
1929;7001
9912;4772
2845;6085
4796;2558
7538;5595
1215;640
6970;1255
8761;6224
4972;4984
6357;2914
255;164
3970;1970
425;6767
5638;7648
5533;8245
9679;6138
6098;7792
2503;5308
269;8622
4060;3511
55;474
2621;7386
243;7181
7923;8211
5844;6750
5409;889
3159;7221
8741;3646
2297;7729
722;279
6722;2755
6061;6885
9680;2616
7339;5763
9068;5231
3147;2501
5204;9563
7106;1984
6490;6781
8407;2807
4971;8968
8122;3221
6513;6256
6202;7855
5167;2233
2539;8204
6068;3999
8268;7360
5567;9570
9300;8797
3292;909
1089;8397
6180;1902
6168;7289
1841;3172
9200;6919
1834;2820
6539;6965
9934;1868
6072;2656
7100;5774
2593;1607
404;5784
3386;8722
6519;2335
4381;886
6251;4507
97;2575
5679;1699
8698;2211
2317;3129
1947;5758
7514;7039
350;6908
4608;9159
6209;7829
5996;6861
2895;9565
45;2005
2527;3007
2537;402
7671;5656
1880;2699
1679;7511
7678;9294
3240;8661
9559;9176
8180;9433
2514;6710
5011;36
7293;8633
6712;1797
4582;8643
6901;5727
2638;693
7424;9827
2737;6809
7930;5437
8257;5950
5110;4574
8228;2368
6250;1998
774;1093
9621;5175
9468;5611
3850;7937
6881;3616
3763;9888
6016;5036
3600;2900
1927;454
9924;8216
927;2378
5773;109
7897;4737
5165;8315
6609;5865
659;3133
8487;1283
8068;2131
705;7424
647;6378
7639;273
5927;7615
8258;8777
1020;7898
8254;7152
321;3226
7929;6966
149;5862
4279;153
9258;8821
7463;455
9027;482
48;5038
5767;6321
6619;985
274;7209
1993;5218
5249;1162
441;4987
7486;2297
1686;4544
7300;8893
7867;6682
543;231
198;7416
5770;2717
4521;6272
6314;6832
9346;307
9100;6271
438;8169
9440;5392
7175;5169
8485;3757
5255;9319
1119;1349
2648;8856
4708;2736
5523;3384
7549;7923
3086;9945
5577;5152
8538;5260
3051;9608
4237;8219
8598;4998
9453;7599
9666;299
8449;9895
7452;5648
3145;564
6443;7272
1762;1869
9949;1768
5839;8075
9064;7154
7772;3217
4941;9538
9359;8469
2049;2387
1202;9488
4211;3549
7502;9657
5976;139
1925;9820
4316;5630
9094;7832
6893;4568
1106;8323
9919;2106
9155;8913
4646;6202
9412;2468
577;2432
2730;3132
7301;5543
1271;1816
1790;5191
4226;2644
5313;5632
2274;7763
3070;5679
2789;4791
7215;4660
941;1311
7140;2340
7338;1414
6663;4557
7925;633
8370;1348
7839;2698
7237;8894
3910;6724
5508;4654
8459;1204
7202;1826
7825;4497
184;8464
6185;167
9016;6151
5743;8233
4846;7700
4079;4867
5006;2123
2223;3187
2815;2819
7113;3811
4459;7042
8707;2061
1305;4807
5362;2849
4862;4077
1649;7281
3009;6162
4119;7471
1590;9671
2561;5620
5563;5193
9201;1968
3613;2370
4011;3492
6798;7375
4690;3962
1890;9152
995;6133
7657;1780
2773;2908
6060;3010
7880;1194
4206;9700
2880;3633
9821;5603
4545;8692
8546;9245
1079;2725
9851;9796
2230;28
1047;2435
4657;5037
8777;9237
1148;9251
6814;3309
131;4294
6392;3298
9515;2030
4509;3691
9829;7632
421;8326
8000;8809
2475;6118
9229;2015
1043;8348
3280;7370
6383;7451
2395;3765
815;3206
7314;1235
4963;1044
8009;5541
7041;9432
2714;6213
8531;4140
5244;9729
282;6210
1886;4407
742;6472
1192;804
9361;6250
5337;5929
5722;2571
2138;3186
6969;9147
2876;6799
4010;9795
7750;1612
4120;1654
9832;9295
4875;1725
8879;5767
7385;8685
7975;1231
1758;7730
5560;1245
244;8248
5987;2331
7508;983
7142;3334
3969;1589
1791;7721
8843;2932
6535;4371
9020;347
6158;2965
3881;1519
5805;5502
8941;8770
6939;928
4308;7882
6597;2739
8324;150
8610;398
9782;8905
585;4929
9205;1280
5919;7847
7833;5276
3121;7255
7935;4788
3458;2688
181;3625
8524;4071
1657;3767
822;6943
1179;9444
8414;9114
371;7948
4492;5661
1619;8354
4038;1791
6302;8122
2064;9148
8539;229
1024;7580
7819;2665
5739;7804
1827;2104
188;5504
4844;1675
8694;1549
5205;7067
9708;51
2953;7379
9365;7389
1492;2259
640;5775
2592;6237
1185;6567
4374;4696
8436;3652
9165;8776
1319;4124
1941;9192
606;7199
229;1959
344;3232
2774;9322
6393;6786
3549;4018
9069;5414
5024;6219
1180;6185
9146;7142
7119;4081
415;780
2984;641
8353;3808
5035;5627
7289;989
2175;8874
2123;3532
9495;5723
4565;9482
8502;5166
7727;3490
5544;7969
806;9431
4671;3860
7552;6164
6428;4677
8490;891
5755;3935
5284;1014
2018;8648
1334;6082
1491;2659
5789;5164
4497;610
4191;2363
8145;9345
2729;9741
2972;214
378;4640
8433;3905
4106;7751
3671;1662
3007;537
5194;3004
1165;6886
3694;1022
2401;5116
1110;5488
7575;6359
4214;3220
3873;7897
3480;1637
7217;800
2747;7660
8764;4942
4058;6059
1685;6513
6153;210
8427;830
5445;2692
8435;7331
7577;5207
3500;7460
3504;1275
7248;9633
5895;5405
7615;815
8224;8986
5538;6815
3047;7294
5626;6949
8728;5830
7183;3273
8441;371
5254;2414
2976;7835
1728;1008
6404;2486
3579;3748
7182;8032
6049;7670
362;363
7341;2107
3807;9887
7038;4181
1093;7408
2709;7812
7907;7163
812;9898
9426;2764
612;250
1428;2606
