1325;6108
1663;4276
6684;4286
7474;2346
5726;5360
1292;8059
9334;1462
9582;3313
6253;8645
8510;713
2307;1111
8;6112
9680;623
3771;10
7606;3122
9136;5295
6022;6388
8836;991
9063;5064
1940;7983
2539;2982
7603;1196
4655;8935
2077;5891
3488;954
9549;1634
1790;7337
5316;1929
8821;80
9826;3118
4455;1938
4457;3786
1288;590
5286;7992
1496;2269
5728;5682
4783;497
5325;2694
3129;4738
7359;6775
1977;988
553;2221
3632;2816
7299;1757
527;873
9245;7935
7759;8634
3348;9720
2844;7629
3244;5392
2232;7715
8873;7354
7741;374
5807;5975
8514;811
2217;1866
8787;1046
2556;8644
1760;2774
2686;4219
5071;4726
2075;3499
8907;5028
1888;9244
9730;9990
2997;8799
723;2615
9950;8257
854;570
9560;766
7180;2238
1253;9514
8084;1017
5677;7643
3669;6069
2276;8679
1521;8716
9263;3387
3664;1279
8897;6238
3155;2443
5243;3573
3208;6921
5072;295
1136;7533
4097;780
6689;6026
8761;4421
7888;1699
9203;5666
5931;9672
5427;3731
9831;1009
3671;4979
3639;9581
1348;2628
4494;1608
3186;5164
252;3069
7225;6574
452;3426
8289;5893
7895;8272
4273;8512
4673;9731
112;7532
3753;5396
8663;4482
9708;9949
2723;6451
4727;971
5774;1557
7964;3358
2019;6291
169;6547
4812;6071
1693;8626
9505;7834
6962;8812
9867;9327
3027;608
7097;1163
1402;2431
4609;5671
2965;7542
9416;3449
3910;4903
7852;2097
2929;3372
1123;6199
1542;3590
4701;9357
9938;1061
9189;9981
7889;7446
7034;1501
5347;1343
528;4048
5821;6904
5202;1199
5012;9969
6508;4491
9007;8473
3346;1572
1944;7726
4391;2401
4695;9815
1763;5926
502;8274
1228;9874
2705;9376
4770;3211
5253;9571
8121;9568
7782;5686
6118;5928
1541;9867
1398;948
4158;3468
1421;7489
7258;8630
7731;8028
3612;7151
4623;3508
5608;7012
2055;4687
8830;7385
4776;5910
8071;4193
2399;2948
704;8982
3106;1644
7915;4600
319;6619
6179;3896
7231;2467
5408;3143
4279;939
7794;7617
241;3136
6011;2724
3760;1293
7453;5931
5213;7459
5578;1558
962;5499
8424;8000
8854;6213
6495;2384
1163;2329
576;7388
1209;8569
852;1302
6512;8426
8299;1157
9636;7814
9489;4594
5558;1108
4955;3854
8153;3852
9420;654
8308;6703
1108;4344
3826;520
5631;7387
5423;525
6380;7221
3319;4326
9098;9424
8244;5344
1313;3917
7932;961
1886;4208
4043;2034
9236;6994
5313;1705
9639;7341
2290;4708
6471;301
6789;6245
6160;8238
3519;3518
7419;1342
7167;4745
4065;815
2692;7336
1318;2614
1993;2556
4585;1782
7201;1631
455;5
9258;8243
374;3293
8969;7537
435;7095
1168;2015
4093;637
9220;397
1114;396
3736;1743
163;8690
5767;3719
5212;2293
5229;950
8964;3255
9460;4159
8087;8539
1370;9370
3720;4462
8025;8090
5348;143
8072;5043
1390;8708
2298;558
9813;523
945;9111
9644;363
5444;5853
4414;6002
1066;796
2593;7609
9563;2561
3140;3624
4071;3689
7975;3119
8467;3290
9649;370
3960;3782
6803;795
9694;9746
6228;5050
9581;7106
5964;2442
9685;6338
7414;3967
8690;4309
7740;3185
8557;7342
4920;7687
282;4621
2067;9303
9770;9082
1637;5464
754;7903
6751;5514
8281;6928
9889;128
2002;5486
2632;5805
7391;7630
2901;3192
7019;8121
1371;5746
4313;1288
4984;4473
4553;4998
3707;2095
2733;9177
622;2612
7385;5039
4935;6902
5056;1232
9672;2358
2776;3815
1408;9333
5389;4509
892;842
4827;7303
6888;1235
4241;2344
9247;4334
5597;4563
978;2508
8357;1766
9199;2550
9488;964
8006;6109
7796;7006
7085;6406
3178;5842
6339;6582
1831;3913
6705;1786
1818;5633
457;101
6119;9692
1118;7167
8182;6988
9031;6433
2779;7613
2897;5591
6762;4593
1068;4972
2283;7495
9501;1134
6432;1037
1124;4460
6018;3880
7383;3228
7792;5118
2208;7707
2501;684
3043;1192
7324;5600
2983;9068
7;3015
2267;5124
2244;3500
1095;9182
4440;3364
8169;4986
5716;4439
1527;2027
3294;5758
2765;1775
9833;3480
666;1928
9116;546
5746;4838
9942;239
7038;3639
9658;6265
825;6077
8629;7733
7371;5430
3834;8346
7149;9560
967;4170
9219;6767
1946;3857
3831;8987
8397;6698
1060;59
4409;858
7205;800
4807;9084
1129;3928
7429;4713
3734;5059
6643;6974
264;9883
8880;6845
5211;9748
1799;2486
9590;7985
1906;3142
3053;3958
7725;6472
1863;5534
875;2820
6500;3718
3396;9994
4901;5144
2577;4583
6753;2631
6592;3092
7611;3893
8090;4640
9201;1880
7948;8553
3650;6254
6768;3951
5730;1153
2825;8290
6912;6376
4804;6927
5346;7579
648;121
683;1653
6036;2272
4657;9895
2788;5533
6386;6308
9539;4284
1667;8923
4693;2545
9699;946
2624;1519
7027;823
6779;3374
2749;9170
9498;3625
7228;4949
7061;9896
5833;30
2824;2088
2928;177
5339;1053
3217;8537
4989;4874
1816;9300
1188;2818
1107;6624
7226;6517
7991;4906
7576;6503
8173;2690
4912;7938
9529;5368
7580;5745
7307;2270
1264;9483
447;3279
5919;7139
3275;3179
8818;9466
6706;6159
4422;2585
3982;6382
1714;6284
2043;5858
1626;3373
3873;3652
2631;170
8666;1806
177;649
8920;8627
8650;5865
9773;1538
6186;6822
7516;6507
3641;5184
9637;4866
1037;5320
1130;8200
2933;6018
9920;5100
1133;1931
8526;126
4286;35
9291;571
204;8194
4565;1455
9884;5415
4743;5985
1961;4649
6567;9407
9117;9396
4614;3833
1891;7249
9760;8613
4944;5135
2766;4117
4128;9661
1586;3658
7123;3505
255;9381
8045;149
9986;2980
8413;3635
4523;8726
1151;4429
266;8314
6935;2737
7627;2481
2554;8991
8842;5750
1158;6438
295;9805
6177;5264
2397;7610
8575;4256
1347;5643
7322;2942
7657;2414
4578;6797
5592;2740
8100;9848
8855;816
7192;9852
8458;6564
8047;6392
5298;6919
730;6675
6338;5625
7325;8353
941;1970
5620;1384
6261;2035
511;1263
1375;4694
113;6981
7825;8262
926;9070
1053;6940
5378;352
2057;3916
6315;7040
7768;5498
9067;7365
8454;9585
4123;7708
2044;9675
3807;187
7463;6295
5263;799
292;9676
2592;5943
3377;2958
7639;6383
2345;1354
7742;2251
5534;8972
607;6984
9927;2383
6210;9705
3367;647
2925;7436
4131;382
6467;3157
8580;7766
4691;1936
9397;4510
2801;8389
1619;1641
2074;6020
6851;5708
4361;7785
8559;7654
7737;9209
8704;220
950;2741
9523;1081
5312;2311
3161;3428
9722;6506
6384;5386
3905;3694
7912;7638
1533;5511
4888;9417
2905;9026
407;9066
2515;5619
1552;1129
5952;6800
9259;1660
1514;8705
4718;3737
8301;7675
5420;9121
6780;464
9817;418
7495;4875
5504;8437
8358;2230
5384;9703
464;7416
81;3524
7347;8477
3116;9777
3939;3441
7117;36
674;9645
3215;2945
8125;7995
5397;2051
2717;5803
8106;2813
279;4018
123;2197
5798;1716
5596;65
444;4541
9829;5962
7443;5385
910;5896
4724;9081
9775;2096
4195;3984
1900;5902
1915;8258
367;6364
6742;2214
3024;8464
6732;7738
1735;8903
3397;2135
6818;226
1592;7196
911;9795
5555;9547
994;1768
3894;6271
2205;6500
4797;9338
1111;1585
4707;2279
7774;3822
5885;3754
7997;4397
354;9458
5189;4598
8608;7229
2169;228
280;3351
3385;9579
9710;6082
9129;5192
6002;4010
9896;2667
6399;400
6540;9689
7824;2063
3759;8955
3220;1087
2893;3417
2560;4543
4974;4858
7157;2256
3551;2783
9076;4232
2015;1508
9300;5697
1140;2422
2168;4860
2800;6824
9362;1584
4364;5030
6933;9420
215;4356
3965;5036
3409;1186
905;8609
5342;2673
193;2114
3898;5698
7065;1765
3804;7470
9315;5857
4437;3348
221;3268
6662;2287
9621;4192
7755;4517
1828;1659
4008;3998
6406;8549
4735;6496
4059;1497
2172;3825
652;2375
8150;4324
7881;5500
5308;9543
4174;7805
8314;6581
2687;1555
55;8760
992;9148
6238;7736
1149;4005
5480;5952
6929;8654
2442;8505
5565;9701
9099;9429
1660;9976
3228;8995
2648;4752
2352;8659
137;2555
7398;117
6170;3532
2494;6235
5651;9540
7145;1105
6423;2859
7358;5433
9530;5574
6874;9308
3137;5404
3351;2404
9279;5530
6442;8457
8724;2323
702;8673
5769;357
8235;8139
1608;2145
8122;448
9547;1707
8881;8961
210;8739
3978;1104
6539;2803
4898;3638
5632;3388
2081;113
375;5304
2096;9375
2305;1903
3481;277
1258;9733
1080;9762
6175;850
7286;9074
4612;4123
7706;4681
1830;8230
6487;2712
9047;4335
1033;1536
5601;7757
6923;8950
6599;9902
3360;2257
2107;7046
5814;7663
6008;1527
6525;8712
5164;6498
1610;9384
311;3371
1629;8252
6377;9222
5518;4980
8328;7839
5695;8755
7008;4216
6397;9114
9102;3513
8409;213
1254;925
6648;3995
9148;1691
8585;3863
9482;4168
584;736
6368;518
8725;8561
3971;7223
780;7270
4049;5163
5118;7612
9209;3266
1503;7922
4733;6809
536;9887
8385;8992
6199;6579
865;3785
2461;7846
4173;6584
1652;24
1283;4295
4512;5106
2330;7180
265;7234
3432;2966
6553;6895
9296;8921
1957;1395
5487;6829
8000;7575
2116;2933
809;3382
6731;1208
7838;4515
2993;6428
5093;9612
9626;5076
6520;3168
4190;9970
6527;6541
9677;2593
1979;9430
5132;1849
8178;5038
5150;7428
3177;1266
1698;1673
7978;8758
1458;4101
878;566
9818;2582
8354;7771
688;1423
5818;1318
6227;1663
6927;3023
2021;3049
8256;5026
8861;9110
4736;6153
5603;7259
3296;6223
6928;5759
1184;3655
8252;9273
2219;2009
4625;7255
8206;9926
7764;7808
9683;9299
7502;8506
821;9702
5835;6520
5848;7536
4491;6043
6162;3726
810;7652
2498;5319
4855;1729
711;9335
146;199
7860;2026
7761;8077
2317;9768
5301;8422
869;482
1429;7517
8714;310
4838;913
2240;943
8754;7375
2894;4258
2949;8423
1770;5282
3193;921
348;4177
3250;368
194;9261
5166;7447
4092;2149
5564;2154
5413;2394
3447;7039
7763;4693
8962;6573
6550;6802
5543;5130
1003;7187
9510;6368
9757;7971
1115;2613
3092;9787
1934;849
6060;3096
3422;7664
8407;2754
3590;4731
8221;8373
5391;8340
7861;4695
7604;4581
9835;9594
6651;3271
7426;1079
6496;3037
5605;6819
8055;6003
5185;9491
9752;5799
9480;4255
6351;4914
976;8948
9733;451
4650;638
2031;1223
7139;9550
9987;5998
6422;3432
8626;6093
5009;3187
6845;5727
9911;3238
7957;5642
8708;4008
9087;5596
5305;9742
1803;8321
4493;4619
2091;3474
4327;5286
6482;3199
2950;8362
1699;1132
991;856
7152;7822
8645;4689
7919;179
7262;1113
6006;2645
7050;4261
9395;2010
7562;8813
3021;221
4545;130
361;4611
382;622
521;463
5069;940
9113;7714
5096;4971
1870;1431
3906;6130
2763;4480
604;9864
6007;3494
3953;9154
1011;6424
6470;8289
8868;679
3841;2319
6451;851
4868;6180
6921;8865
4380;6880
1832;9419
2617;6917
4201;7952
7219;716
4621;9977
8102;8896
7247;7649
2805;1231
7113;7284
5890;3861
902;7748
654;172
4575;8582
8144;1781
9032;6416
1338;3242
7866;9296
4927;3000
5800;2862
7858;3316
5536;8602
8698;5358
9461;2429
9481;8364
4567;8201
7941;8902
2140;3810
5249;5976
4813;1528
8548;8318
8989;9736
7408;4243
5908;6066
6858;9453
9725;3131
1286;4340
4461;9699
1968;8792
3926;5822
2633;3836
8916;2663
8921;4424
1268;1130
5296;432
415;9685
8108;8
3539;9877
4958;2163
6528;1993
8040;8079
8375;2237
5954;4516
3411;7796
6973;7368
2666;6062
4267;9263
9576;1805
2796;5206
7263;2695
8496;6114
4593;1099
9326;3315
625;1341
639;7873
6195;1686
1226;5969
4399;4254
2642;2621
7665;4338
3088;7883
1411;4153
737;4068
4138;1979
5844;321
6967;1276
3586;6729
2816;2932
3532;1351
8713;7412
8330;479
8148;9668
4050;9169
6280;5627
8757;7271
2670;822
6194;4314
4629;2742
6702;8525
6649;1416
8731;98
4393;6156
9145;2427
2562;8106
9778;5466
3944;1340
5319;3838
6901;6010
1590;5266
6256;8781
217;9561
7438;7781
4633;9423
8439;155
7836;3197
9106;1038
4911;9498
7403;9475
6562;2878
7930;5989
2900;6022
7834;8105
4342;9349
2083;7554
3869;6358
3169;8007
7984;3950
2573;5018
4534;9683
7415;5314
7970;2018
5221;965
1453;1910
6349;4690
5855;5872
2180;1246
6434;2119
7714;2780
2602;356
2125;4660
4246;7780
3241;307
5140;7566
1710;5230
9928;8863
7769;8354
3119;1507
566;662
7585;3846
720;3618
6589;2041
8807;8815
3414;1315
7003;2207
3884;5349
1920;4666
2282;6766
3389;6561
3066;462
3721;1438
7248;7162
6784;701
824;1391
7956;6491
5468;8746
9147;4615
4215;2797
7277;7790
9124;2532
7467;7637
4081;1566
4560;5509
4939;5561
5720;6933
6497;8301
5293;8075
5928;6676
4153;5449
62;8054
3344;1155
5088;3970
1075;3032
6465;250
6511;8620
4411;9937
4448;7713
7940;5440
238;8587
5783;9049
9691;9275
3561;587
510;1483
4035;4573
6624;7756
9125;2085
3104;8894
9764;3659
4281;8467
2231;7261
5240;2177
7884;9346
6711;7700
2227;5033
4949;5895
230;644
398;7987
2536;8617
5792;506
6826;5848
6371;7278
5988;4925
8219;5735
4748;6033
9072;6869
3141;4739
9358;1226
638;9431
7610;2106
1412;4490
3670;8890
5863;8112
1999;1326
4522;2465
1922;8946
9645;9325
5425;5220
7813;3649
4966;2979
3703;8574
7479;7984
9857;1661
1302;4854
8453;1756
8426;4141
2037;2525
9398;4568
5887;9553
7217;1517
7353;805
8615;9487
6948;620
5321;4989
8394;9280
1143;5424
516;6
9417;6167
8566;8293
7035;4836
4020;755
8264;1551
798;6947
7855;2342
2533;6951
2696;3344
746;1927
7927;629
8820;3921
2346;899
5710;4336
3416;2706
2349;9265
8890;542
9278;7410
2750;4145
2158;9739
6629;6881
427;7
209;3072
6828;477
6810;2130
6356;5673
8223;7425
1387;7014
1943;1949
7072;2855
5667;4350
8443;2125
4964;9800
4756;4742
1894;6649
4515;7544
5260;1788
2911;2580
6059;9350
4126;2440
3453;657
8042;742
7814;3043
1443;7620
2196;8017
8361;3878
4445;8811
3395;5609
3812;9924
834;8988
7879;1220
4824;6669
133;50
6120;1891
7529;2477
7425;3413
2797;6374
1185;5330
2772;668
8420;1834
8026;7806
9004;1102
346;1972
7677;7084
820;9609
8717;9104
8573;7396
7500;786
5299;8520
5512;8177
7388;8250
3341;853
6833;7335
4159;2681
1187;3603
2565;8117
7963;6886
1933;2000
3729;555
8380;7384
6668;8876
3016;4025
8151;7962
394;8171
400;5470
5281;9837
1981;9008
1294;4902
9577;9497
2738;3999
4057;7692
9173;4602
3214;866
8672;5051
8578;1162
8204;4545
975;273
3555;5490
8280;6670
1018;6687
3626;9372
6395;2594
9625;4975
3584;6749
5843;6896
5683;1047
3465;9899
858;9538
1291;1230
9226;7373
274;2909
8287;8976
880;1734
7210;3013
1691;3408
8733;7896
5788;9405
696;9178
8512;6280
2544;7250
5869;6016
9252;9549
7209;2542
5008;6538
523;4657
3990;7191
1947;8187
6516;489
500;9432
3651;7099
9450;2110
9276;2300
6257;769
3439;8327
9368;8830
4767;4881
5465;5868
8086;8775
2174;2588
3961;6123
4070;8141
8183;1662
9364;9857
4917;3443
3837;4238
7043;178
5446;7183
6908;1523
1074;4400
4859;5219
6281;1439
7735;2568
6591;209
4573;8005
3472;2611
2984;2644
3597;5382
2814;730
3573;6787
1;2389
4973;6719
7560;2077
1178;3323
52;6177
2599;772
9508;5784
9627;2767
8187;8181
3567;6518
4395;4816
7708;1692
8850;6074
3387;8941
2009;5540
5757;1164
9545;2430
1896;3240
3783;901
9703;9116
7195;1203
8352;4288
6243;1913
1673;2285
7289;2732
7284;9975
8461;9439
506;5008
7969;1035
9749;8453
5916;3529
4060;6272
1314;2406
3460;5726
4719;1956
5604;2457
2638;9258
4801;5145
2401;9807
4507;8662
2986;9647
7314;7587
6374;7821
7638;2484
2269;1169
1409;387
2144;4716
7302;9631
2988;2004
7914;2335
6057;9749
8029;7569
6776;5756
303;1609
6778;1470
6155;2368
185;2491
6521;4530
3304;2418
9711;8839
7080;8186
8992;3420
8707;8380
2586;8115
940;8861
6091;9650
3747;8214
9152;5729
378;7110
219;6930
947;9539
2700;4882
3464;3259
9664;7362
2361;7852
5732;4020
6268;6744
1529;3286
3868;142
8551;153
6178;5594
5529;8877
9360;5429
3273;3619
1405;5348
1665;3662
1743;417
3723;6776
7891;75
7920;2180
1805;6527
5913;8583
5225;4142
7507;9812
8117;3711
8250;3170
7527;6191
7046;4076
8027;8472
1447;8239
5694;4920
541;8333
539;3490
594;4403
9405;7150
7675;9888
3784;8479
7917;6292
8872;4794
2481;8776
1211;2338
4351;8682
6309;562
3057;9078
2859;37
7567;937
3959;7795
5956;973
7799;4201
5235;3115
4063;4349
3895;1137
9792;6587
4112;7531
30;6261
2183;9569
7194;3988
2063;640
6305;1233
9143;1946
3941;200
297;8343
5130;1748
5786;9435
5980;5736
320;1960
8083;1702
1353;2606
8079;5471
6529;6899
1941;6794
317;5326
7274;1241
7492;6232
1486;4827
6071;5940
9425;1453
1951;7119
540;4092
8052;9185
3330;3147
3631;2359
5736;6103
4658;4112
8791;2019
4264;5641
6133;6950
901;4134
9704;2428
4095;4959
8947;9952
296;2134
8563;93
80;2972
7872;579
6143;2904
3688;2910
2371;7073
5582;536
9314;9387
9205;4942
8750;7820
6000;2502
6986;4366
7961;2708
3902;9232
1232;2370
7410;6466
907;4674
6920;2898
4670;2161
2246;3008
9587;8771
6051;7782
101;2241
6264;7054
2891;524
2201;8474
782;2822
2073;4398
5114;865
2703;2341
4893;1270
2567;3676
2414;5691
1251;1590
8416;2618
4321;3986
504;9288
4389;6841
10000;5465
9726;7682
680;8919
4405;7129
3334;3163
5033;5147
1985;4842
9388;3437
2312;3217
2721;325
5410;3107
6969;6961
9546;1414
6717;2225
2916;9973
6686;2017
7271;4607
4216;9041
4318;8692
4018;9157
3716;3556
5744;1325
9976;4512
3317;855
1121;7079
1298;5137
6635;9677
641;9331
5625;6122
207;3850
1983;2964
8642;9690
4032;944
4524;2104
2445;916
436;1190
8135;3350
4346;6222
5340;1964
9465;2937
6391;6525
2973;8542
8353;5787
2430;8550
7544;4060
4977;5115
3448;3127
6725;3231
8309;3827
1677;4576
9503;8107
2122;9774
9438;511
8345;4390
9108;735
1858;8355
8542;2416
1404;2530
1202;9868
5272;8570
6239;2449
6622;6876
3247;7599
4209;8714
4796;1947
35;3005
7112;4892
1810;7813
4499;8347
4961;8928
8073;962
6073;7348
1675;7819
8381;1346
8591;8338
8997;3129
5455;118
8123;108
9983;6892
9573;3305
4039;3354
3261;9312
5718;8937
2882;8149
1998;8773
3619;1890
2694;6285
1730;8448
5120;6048
7680;6283
1912;7478
7346;3808
6701;3641
4317;206
2059;9708
3302;682
2435;9528
4785;8217
5184;5299
1893;9437
2550;4171
1240;2753
1469;9775
4066;8689
5825;4915
1752;690
9191;5667
5540;6847
9139;2050
6675;2879
9164;9474
2490;3151
7455;7976
568;7865
305;9033
7999;6355
5562;721
401;7789
3909;6512
3204;3549
618;84
6333;4322
4007;8256
6366;6576
6393;6423
1781;8671
2320;7003
399;513
849;6761
9871;5375
7452;9061
1067;2841
7885;1562
8338;5057
9763;4909
9352;5659
127;6667
899;399
2357;8814
2039;8586
3877;8533
3203;812
1750;2798
491;2331
2260;5921
8509;810
6260;7695
4857;3247
9779;4879
1929;7689
7478;6716
8156;5590
4979;5207
5288;5995
3476;8162
7337;9761
3394;8717
2027;1218
2342;6326
8163;5041
9323;1030
5470;6939
5579;157
9328;7379
6176;4770
9400;5616
4941;7990
7806;4412
697;6211
1797;8807
4981;593
9500;6171
9350;6324
9422;3993
8562;705
168;32
8570;8452
5891;6531
6492;260
8851;8305
3683;4800
1337;4268
7924;7549
4781;4131
5252;703
5533;4343
2802;6079
718;6680
3175;9107
5373;7409
3710;7950
9254;8526
995;5458
8082;9291
8577;6436
8991;5991
7477;7173
9237;6021
4908;2844
4443;3419
7060;5373
8359;5840
8523;3326
6335;3188
5817;5367
7767;1940
2097;789
6263;3514
1530;6162
6771;5830
8968;7015
8781;5587
5849;599
872;8056
9052;7968
5981;699
4619;5099
9248;9904
977;8063
3770;4777
831;1138
7867;3576
7315;6148
9178;8229
1373;1118
7333;7214
6610;4441
5099;9656
7565;5559
6807;3112
4026;66
7554;404
6842;8209
736;2807
7114;5837
5291;4941
4661;6702
4103;1467
9542;4253
4315;7686
7250;4438
6394;8719
4639;862
4953;6924
1631;8905
1746;4833
4642;6446
6932;1456
9363;9390
6993;1070
2153;7072
8654;3106
3148;8400
1490;4997
4376;2634
7390;3535
6840;6461
9698;6455
2042;1754
8154;5529
649;8463
3441;7313
2360;4637
7362;7252
9657;3708
1474;6034
9589;9536
8267;3941
7802;2677
5941;4557
6040;9365
961;9452
2106;1426
4341;7346
3981;9071
3047;2804
9665;7308
2272;820
4013;8660
8860;3366
3060;8292
4113;8856
2773;5272
7704;1525
509;7936
8560;5983
3087;335
104;7697
1646;8748
304;1607
5462;3184
5960;7940
3365;7849
1955;4503
3921;4788
5674;1238
9038;9621
1889;55
9071;3599
3094;1627
6809;8071
181;8092
8483;3604
5663;8383
3339;4963
5636;2179
4238;1460
4486;1596
9441;6287
3917;7555
2873;4185
5895;7623
1700;748
9742;6060
5350;8052
4177;8199
6433;6218
3652;3410
1813;1725
9713;3162
1575;8096
9054;6740
1953;3367
9351;967
3854;7560
1908;4523
6273;527
2343;6354
9772;1205
9646;5493
1317;123
4554;3717
8625;5954
4460;4357
6364;2985
4700;4940
9569;5069
6411;240
5648;685
9496;7519
3184;4955
5368;1418
4853;516
4362;6092
14;7622
8303;9100
8350;2403
9925;9858
8917;4197
6679;1753
9628;8455
2408;2558
179;435
1932;238
9973;6567
1016;6901
4202;4040
1406;6176
9118;7900
3335;6591
8520;8878
5000;9834
867;6129
4220;1811
9851;23
114;9060
2725;5614
1342;4414
7093;7932
5329;7867
5143;114
3791;794
1349;8683
6019;2310
4613;4312
9515;3033
1669;2920
8647;9203
6630;4799
3368;8151
3279;8849
4239;8614
7807;454
8347;752
4068;7832
7789;2235
7545;6157
1718;9840
3724;8790
2806;9999
1964;1306
7555;6084
411;2393
2852;1989
1921;4433
4106;6808
2964;5262
3164;6759
288;7529
9612;4968
9244;3805
1674;8871
6619;1813
1655;5734
8973;3057
6369;2117
2625;7621
3790;3898
1854;2046
6656;8930
8129;9456
1766;882
2957;878
8396;1468
661;6545
7213;9152
9026;7595
3853;5773
2456;9966
3806;8435
8325;8560
8237;3859
6294;4976
8774;2208
8896;8132
8777;245
631;3940
9678;4178
3163;1494
9557;3636
1589;4704
9355;5421
232;8332
8198;9517
1252;8947
2956;7166
3542;9227
7091;1178
1045;8348
4484;138
7171;547
4505;8854
9860;9282
6909;4818
7490;5188
3077;6757
2446;7087
6445;9928
2120;8391
1887;9616
6777;1433
2564;7036
423;7862
7245;7810
6944;5504
2155;745
56;2848
7559;5827
5451;19
4690;2136
8856;2129
787;3076
2453;6884
8418;9632
6787;4387
3750;1125
69;779
3969;1837
1827;5061
8648;4798
5525;688
5208;2567
1849;4247
933;3710
9271;2470
5609;433
6097;2692
2548;2533
6121;8361
7349;6115
4385;7332
9280;6818
7911;6164
8261;8483
7682;9504
1415;7105
4265;5942
4356;7581
6429;1845
3276;4973
8955;4389
3835;248
1694;5168
7440;8458
2220;8298
6546;1019
599;1853
4311;4044
7992;3102
98;963
490;6781
9655;6198
1244;5779
2913;8571
9741;2744
6359;680
9643;7217
4870;2587
4951;5834
7864;9029
2281;4572
7594;9890
5209;150
3893;5890
4510;9285
9924;5817
7051;9722
5431;1778
5657;889
3219;6410
8730;9042
5220;5151
8062;1398
7468;7667
9789;6313
6437;5647
5251;4988
467;6146
4067;1097
6801;6643
9754;2118
4275;5412
2730;9414
1241;6258
3654;7957
3482;2777
8804;15
9909;869
4096;8397
5320;7142
8965;5162
1332;410
9580;8667
2251;8225
7012;4632
290;6437
4845;425
1789;9619
4808;8608
6230;6408
7458;739
6473;7030
1600;5955
837;4137
917;8557
3892;4994
9865;2572
4887;5512
4508;2991
635;4012
7207;7571
4301;5932
4723;330
7723;9351
9194;4587
2173;2363
6799;3681
9187;2299
644;1034
3222;4167
3889;4369
5110;898
6746;802
1792;6773
5178;5764
3008;7069
1860;2023
8161;5332
3708;7815
9585;8205
7422;9167
8460;6359
5655;8492
8532;2895
9393;4263
8320;9337
6915;7391
4509;3331
7514;3273
7743;6811
5832;5439
4170;6256
5557;242
7220;348
2;8402
866;9897
1841;8456
5013;491
8286;676
9210;9143
4755;5997
2139;830
1902;6780
6531;2501
9574;1425
9413;8148
4290;9791
8941;9987
9330;271
5242;1424
8450;4513
9552;9509
2233;1672
2924;386
5741;7440
8502;4262
27;9495
1839;5143
2087;7400
8288;6651
1498;9693
2791;7504
7829;2024
9719;9644
1509;2040
2273;5505
9142;8481
1229;8208
6041;7909
9483;9556
129;7361
8326;4638
4434;3407
3369;6618
3026;1697
5152;3491
596;8970
7049;487
5351;1082
574;154
3136;6473
2596;1855
6984;2281
5447;8806
3842;8146
8743;2624
5556;2858
5535;263
6209;5452
7701;8555
4439;2892
4243;4590
4930;456
7563;706
9292;474
7690;140
8243;798
6141;6955
2455;6244
1109;8595
2060;5935
7745;1372
6204;5831
5044;689
4453;2761
1327;5838
8518;3429
1463;2006
8466;2273
5149;2870
5488;9281
2243;7540
4500;5109
9566;6476
8671;8084
6341;369
6905;3558
5002;3061
2178;458
1765;2307
5815;6539
6454;4179
2904;2220
9819;580
4832;1883
7343;6909
1970;7592
8366;2354
3315;1759
4641;6839
1817;4149
3010;1646
6405;1083
9875;8501
1407;6262
4683;2314
6262;3764
1620;3029
8811;4241
1086;5999
2636;2156
8278;8784
478;7325
7724;634
7590;6030
9155;1621
1125;9138
5734;5216
6219;2779
4537;9980
1778;3866
3467;1599
4956;1301
8434;7359
8956;8048
6126;4120
2385;3725
835;8723
6181;5435
3454;4198
7504;762
6226;8901
8351;5707
3290;1147
9873;5875
9965;7503
1978;5728
416;8074
3788;5016
3374;2578
7674;5889
4863;6068
6013;2758
3799;8611
1695;7858
1122;2350
7032;2856
3182;6709
5232;4724
8922;7211
2963;5646
3002;9869
8138;3363
4685;9192
6848;8534
3645;2191
3968;2829
732;7764
2908;6311
9013;5072
7649;406
814;3046
9090;3882
1539;7600
4163;932
6673;6380
3383;653
2256;5346
9439;6356
3084;6554
1869;4703
8013;5930
3786;9065
3947;5365
8247;1870
2746;2474
7235;9830
8511;6336
2395;1779
1616;1201
610;8844
5300;4046
1150;4353
8903;1997
897;6352
9735;3510
5177;9946
3227;2262
1583;1247
9962;557
3758;3007
8207;9508
7181;7279
9654;5685
5146;995
3533;4051
425;9028
3417;4189
5315;6224
6330;5213
3996;4956
6193;1825
1473;2581
956;9230
4706;8396
7746;1016
7223;2654
7686;906
5284;7710
9670;2552
2306;1616
3992;7596
7683;9810
7720;8061
4012;3301
7986;3900
9935;5019
7905;6834
4428;7011
6974;4207
6163;9039
1424;3403
4732;740
2379;345
1873;8125
7022;6281
8373;5675
6796;7338
7366;7128
793;4967
2101;7743
2741;2986
2238;180
9394;2385
4947;4031
5745;9450
7617;6689
4130;4893
9602;3123
2142;5617
9283;1618
1758;3679
9606;2495
5974;1073
4280;2128
7015;8281
1768;1953
8242;3905
7823;1620
8370;2124
3768;4236
8887;951
7450;8109
9721;6969
2351;6510
2437;4550
8915;5229
3887;5864
630;3801
6362;565
7493;3677
3904;6107
5356;2186
5017;983
1904;3555
1221;2254
841;3644
9286;9054
4038;7908
751;2138
2862;2722
7132;4498
1477;9262
2793;8134
3569;7124
3886;6247
1195;3503
6479;9717
1701;8378
4098;5241
903;1819
5452;3943
753;7556
7668;8002
6736;1800
8828;5947
8808;6483
2676;6783
762;9634
7439;9132
6332;5463
5806;919
7185;6611
2820;3090
8185;917
8368;7724
8667;5157
8080;5017
5021;173
2509;2943
8259;9604
1633;7225
8170;1490
2398;1863
1562;9912
3691;1074
3529;8831
1782;6404
5822;8727
9842;8804
1372;5829
932;5781
4091;8852
1556;5334
9783;9016
2375;7108
6979;1604
5495;29
7882;2584
1928;5177
6609;6521
3958;4139
2839;9760
9134;8803
8948;4847
6657;290
6659;270
591;9628
5902;1630
6379;9221
5949;1879
1170;1698
2488;693
1636;5966
4902;7100
9650;9747
3452;5068
716;9252
4291;1056
8594;9213
9170;1921
2497;9589
1043;3712
1378;828
9307;5732
8374;5696
4396;2476
143;8273
7783;2653
8572;2496
5147;2098
4540;2284
619;9007
4599;2768
4836;544
9797;8468
7558;9454
3974;3651
1385;2546
4314;7658
4383;1
3748;7048
4900;5287
2137;2636
4053;8066
7376;4121
4644;7081
2191;1500
1320;5236
8547;8743
8943;1167
8536;3862
1494;2861
1352;5105
2878;90
9780;817
5311;3886
7469;9519
5797;7290
2070;5956
9427;4577
2585;9050
3583;808
283;700
6658;8924
7900;1784
9246;2240
2613;5670
5979;4655
2198;8471
6156;8977
9941;9590
3338;9938
9264;5171
3313;7147
8177;1666
2423;6842
61;104
8233;2084
9186;7115
3516;4538
4435;9992
2167;3215
50;1983
974;5296
6103;4042
1793;5416
100;7758
8203;9294
1480;2352
8468;5391
6740;9719
1988;718
6421;1206
7489;787
2902;7287
2767;831
678;7703
5405;3595
7170;5964
4570;3715
8812;9607
307;4824
5051;4457
8537;4267
3009;2557
8160;874
2672;2369
8889;4299
3167;3581
2758;6027
2013;5892
8390;3770
4410;8669
6340;8794
6314;3675
9353;2174
2190;1941
6125;6490
3713;201
1720;353
2132;3735
3526;7857
7856;4702
7577;9239
350;881
5721;3421
2532;5167
6638;7848
7499;8266
1006;5949
3962;7683
7399;9253
5064;6276
7404;1522
492;8495
26;7615
2504;1850
1101;6486
6841;2643
9267;9005
8829;2462
1097;4733
9131;8415
3255;985
3672;3042
5600;737
6003;4028
8827;5519
3743;2766
176;4927
7396;7061
7854;3459
3557;6685
1690;2823
543;4151
4119;6790
6312;6349
2604;8514
1198;476
4278;5406
9524;3669
8604;2770
2981;8178
7071;2547
2601;389
9385;6357
8412;9266
776;3617
9051;5712
4616;2516
3593;3691
9302;2794
389;2407
7291;268
208;8859
6788;897
8297;4751
5450;1344
9716;8335
8816;738
6420;5700
8893;1809
779;4651
3742;8203
1962;362
4293;5032
5861;6023
9550;1005
7276;8114
9616;3980
2935;6160
7651;4342
7392;4864
7265;8968
7087;109
3018;7350
5929;6106
6296;9147
3327;7276
2600;2657
4308;1377
571;1530
2786;7306
533;4901
3078;4880
3285;9610
7378;8653
8874;3730
8939;1951
9034;6812
9659;8497
2311;139
2794;3960
7150;9586
6757;1332
6348;2518
9200;9490
9403;7716
9485;7608
4632;7907
3197;2660
3038;5950
1186;1285
6914;8294
4608;5316
5639;1369
1971;6345
5878;265
8493;4522
8469;1674
4009;9251
9464;5676
5708;923
2213;5792
479;62
5318;9274
8587;7919
6981;4710
2409;5279
2362;6270
8664;4132
6765;7568
5001;1330
2187;6172
110;5688
3725;8055
9107;7750
298;9360
8692;2977
6884;7133
4456;992
6830;9724
2236;7233
162;6616
5395;9045
477;9142
3256;6524
3426;83
4245;9935
5986;8367
1238;6943
6001;3867
3614;7389
7528;6014
3858;1434
3559;2655
5934;7717
728;3317
5345;4884
4330;5702
5760;4449
2389;9366
2910;9334
418;8496
9114;8837
2477;6617
6082;9188
5938;3276
115;5725
4871;1987
2649;8846
2411;9171
2701;8265
2499;2638
5330;5422
6244;6331
3421;8381
4825;4837
7713;5248
2136;4654
2881;6915
669;3312
2340;7817
9705;4107
4187;6578
253;4273
3607;1026
885;1396
8610;6419
8601;8110
7667;665
2017;2216
3492;2066
7332;9818
8399;3544
4525;3901
3833;989
4390;771
4492;1050
8457;5204
3012;8111
3550;6558
1850;7538
3744;4499
921;7551
331;6854
3075;1901
6770;8328
9571;6935
6735;5818
2104;9838
9897;5379
6682;1127
738;3377
8131;3104
6184;4442
9154;3550
1584;5611
1950;6459
3410;7456
3553;697
7561;466
5234;2845
3005;1176
8779;8161
2100;4995
7203;7702
7384;6493
5857;6105
8902;9194
9384;7473
9006;5628
5059;1741
2821;6627
6355;833
1942;336
6024;8897
9544;2412
7575;8486
2127;8043
8534;4520
269;7051
9338;7028
7694;4484
7106;6316
7001;2232
5025;8675
4252;4463
3673;7765
7090;6140
5057;483
1224;7895
9294;2867
781;6948
8934;7272
1883;4423
254;9485
2574;6636
808;8405
9109;3559
6585;2500
3579;1143
489;3274
9229;4760
6174;8783
1177;9361
8192;9241
9311;947
3022;2641
760;3254
1716;7208
8215;2709
9660;7177
1127;2391
7788;532
8168;1906
4873;5284
370;6181
7771;6516
3659;7364
2457;5073
3578;8625
759;8579
8668;6325
6398;7701
2769;648
7104;5809
9695;337
7531;777
3420;8967
6444;1556
1879;6312
125;6640
4206;508
7105;2498
9781;3990
3745;8857
7094;9012
6588;1085
4116;9706
2537;7632
3056;5916
3298;5593
9443;8517
4556;1299
3993;3732
1824;3148
2715;125
7471;9920
1728;190
8817;5579
7335;7201
8030;5288
6821;3402
5583;7901
9312;5277
1617;46
3130;7394
5634;5644
3430;8307
3585;3458
2951;3738
121;3720
1194;8287
5206;3701
3134;210
2028;9611
4016;9415
6383;1411
1069;5701
7564;1838
4415;8986
4248;3257
1248;2997
5588;4103
1365;223
4394;7514
7154;3657
3037;6534
1305;8566
3362;3246
3916;6340
2093;9679
9472;6914
9718;309
2838;3601
806;601
5725;2244
8067;3527
6804;4904
4596;5472
4520;7712
6265;6879
3274;7370
4244;3971
8749;6814
7552;5604
8602;2289
8617;9055
9181;2014
714;8843
4753;2301
5174;5668
2452;1897
7505;6938
7368;2523
5363;6013
4795;9971
9115;4556
7753;4650
9790;561
2623;2847
1427;3502
4240;2087
7906;1715
7517;8124
1784;8360
1875;1165
3820;6615
3954;6887
9383;1915
8095;7978
9746;3361
2540;8680
7747;8751
5706;4970
2179;7312
7510;5977
1341;8965
524;3497
7036;8130
587;3340
1520;9183
1399;584
1324;4839
118;8220
1249;598
4336;4221
5081;5907
6695;9131
8800;6032
8864;4960
9440;7677
9901;3473
6982;1213
8710;6430
7350;8315
9161;3552
4054;540
4758;6274
2214;9930
2826;6418
3105;2746
6968;3742
9561;7038
8321;5718
3361;9117
561;174
6729;7662
6017;6217
5796;4305
4483;4393
4271;6282
1495;8140
3810;8324
469;7889
4779;6052
2020;5657
5742;7285
2510;1060
7436;7210
4164;8283
7535;8261
4002;8240
5219;9714
9266;1290
426;7926
6625;4124
5463;6509
240;7057
4444;3121
6538;5104
6693;3128
2872;7591
2428;4633
3963;1971
4069;4625
960;4944
1450;1787
2647;4897
170;7644
726;8047
2111;7052
5623;614
2646;4601
9456;5089
1672;5103
2133;9620
7165;3439
4763;4789
6300;5194
6285;5256
2390;3295
1571;5674
1000;8699
3731;8530
4847;8232
530;8677
5255;7797
8770;4070
9166;1240
4543;5462
7282;3758
3706;4549
4697;1783
3845;1682
6370;8597
2675;4003
6683;1002
3003;9371
3646;4755
4769;9841
6282;306
1602;8588
3822;9898
4848;5888
5222;6142
1310;8761
4104;6248
1897;4547
4132;8099
9732;8910
3537;5699
2506;6494
5874;486
4495;4386
4983;9783
9913;6375
894;3774
2841;7827
8076;2978
7904;2650
5700;6057
6708;8528
3920;7545
7916;9819
9043;9085
4894;7854
5415;6660
3548;8093
6846;6682
1089;3401
3872;5974
6836;216
4074;6178
6575;5581
9325;4663
2035;6204
6533;5810
3312;5733
9313;7286
183;1932
5119;1180
334;837
4077;5381
7887;6769
9548;3630
4775;9718
4441;1992
5323;589
9121;6522
5896;5658
1905;728
4442;1746
925;4242
5899;8833
2325;339
3340;8640
1487;7298
5186;7267
624;9518
4963;7360
5084;8754
4148;9001
8726;1478
598;343
5036;1723
8598;1615
3438;247
2200;5550
9014;3
2637;5497
6248;7516
2439;3672
3546;9595
7524;3930
4999;4729
2665;9364
5226;3890
7728;509
420;8446
609;5318
6645;1594
277;3592
8404;8302
8344;2970
3509;7475
3154;3236
3372;507
5613;3205
8024;6479
1696;857
1838;7098
9;8913
2616;9438
8329;7583
605;8540
8435;5881
3762;2988
5545;6798
1276;2302
1564;5270
9378;996
7962;4634
1657;9422
7102;624
6183;4765
6425;6188
7084;8329
9370;7465
4669;2333
5922;659
8753;4622
1937;6058
1497;8470
6090;4374
3677;3840
3471;6815
1166;9190
1138;6704
3262;1994
2304;9936
3881;8039
4322;7711
1219;1749
8248;4205
8197;2639
9604;4685
9953;5554
4899;2218
9869;4180
4340;3300
8607;3511
826;1309
9969;4582
1945;1197
9306;3079
250;4408
546;8434
1851;6174
7354;7741
4752;1633
309;4055
6925;7894
7832;2353
5530;4283
2571;8019
7361;526
4742;148
4048;9460
6085;1182
1748;2711
4549;7844
9371;133
371;6110
3457;7593
1083;6830
7810;7145
640;3845
4370;5778
1029;2935
9101;8339
2297;3749
4355;4035
4416;4910
4242;3207
2344;8999
7473;4213
2348;9608
801;8978
8411;631
8053;8420
804;8147
8141;2367
2525;2226
9253;2089
9753;5695
3127;2840
6593;2201
7029;9166
9635;2268
7136;4203
8603;8152
4678;1466
302;6008
8634;567
8691;2683
6325;7136
3415;1386
5813;2981
2163;5679
5278;5742
4648;7640
6088;4298
6027;5520
8875;3154
66;1553
6574;8749
7073;1222
8099;6973
3998;7841
387;9827
8384;6710
6224;4110
242;2805
4905;3516
8455;2074
1540;8375
6144;8703
9021;4164
9295;3964
4631;1521
9225;8770
3378;4136
1513;602
4197;9652
1223;2198
3634;2671
5640;4202
1910;1509
7107;6665
1567;3155
6142;6386
8422;2347
5040;9965
6983;8051
6958;6699
451;4819
2603;6601
9218;617
8393;2295
8720;6630
161;2410
2657;8068
8636;2664
2579;1815
9611;5656
6766;4885
1834;3311
4302;286
2301;2162
3029;3877
1299;6763
4687;384
7876;3759
8279;5527
1577;1121
3897;3270
4919;2392
529;6828
9803;5920
2195;9289
1898;6236
5244;8563
6671;976
4664;4266
7630;53
4839;7383
6557;934
1609;2062
9221;2012
453;3303
1653;3302
2832;7195
212;7260
7120;819
6815;5913
7778;3436
3618;9150
286;5445
2072;4384
8440;4380
3549;6937
2810;2623
358;3865
4737;8510
3035;4822
4835;9894
4688;7855
4878;7282
4739;2994
3772;712
6283;8159
5942;4452
6664;5738
6311;5234
9756;8838
191;7578
9160;3030
111;4407
8531;269
7386;2471
433;529
3517;2494
3643;6745
9305;9090
7913;1145
2474;498
6572;4489
8792;3819
4042;3074
1307;3962
6096;6674
3809;9633
8584;5461
383;2738
6134;2164
2754;3435
2265;8484
7909;7725
2117;8085
3151;7007
5055;2789
784;9075
6613;9493
4155;710
1243;5260
672;1899
3196;1924
190;3195
2355;4032
3491;9780
4843;596
2462;1603
3780;5684
1670;9316
8568;6736
1289;3482
3286;3881
616;8532
3746;6722
6127;9871
7141;158
2892;7792
6998;6637
1396;2718
2368;770
8159;2047
5595;6501
564;9505
9260;9927
4852;1888
4846;4027
1994;2454
8322;8880
4015;27
3067;7484
96;9436
4618;2038
4634;1524
5624;9122
7266;3048
4823;9655
1930;521
5970;7318
4056;2250
2454;3560
8662;7376
2182;938
9042;8568
4045;3795
6598;4066
8481;7772
7931;8663
7733;8160
6881;4555
2845;3860
7827;6982
8838;7143
949;4467
2248;2373
6719;5612
8906;9716
6922;3149
142;99
1146;7696
1285;7746
1356;8826
7269;7956
2156;1365
554;7049
2622;6036
3636;7339
857;3299
1392;3713
3595;2107
6441;2520
7515;8144
7596;4923
4157;9577
47;4217
3719;9892
5926;1003
229;5078
1071;159
1605;9124
39;8023
9975;4099
3722;5798
7640;9686
9930;1714
6819;3220
4976;3383
4335;8113
9487;8502
99;4890
8979;8756
3055;6537
7635;9759
448;9613
8383;5269
836;8295
6504;430
2247;2181
54;9214
1909;7999
218;6957
5063;632
6320;9172
8452;7415
9921;848
7338;7240
1034;7022
7820;6595
3594;5904
2644;402
3157;5217
7464;4082
687;3414
1549;3546
2069;2687
6855;7734
8229;1773
7936;7113
48;5919
5121;6678
2947;8376
4088;6542
9104;6569
6306;4239
3173;1406
2381;9231
8190;3760
4849;6823
8977;3233
3355;4327
7837;681
919;2865
699;3683
2378;2698
9027;2321
8402;3243
8633;4251
6980;6508
9656;4766
7571;3553
1160;3876
5428;314
4676;7408
7445;9521
9474;7513
2842;144
987;1448
8295;2020
8369;1357
4586;2630
927;9077
3112;6344
4746;40
7841;4714
9105;4148
6047;534
4075;311
9093;2672
2775;5717
2000;8883
9676;4052
4210;7577
8972;9161
95;9906
2590;1826
2977;931
6478;3334
119;696
3181;3610
4449;2199
3493;2348
4287;1368
5654;6626
4970;7761
7591;4917
6507;13
9555;5662
984;9113
612;5361
2697;4155
3086;1917
7287;6046
3297;6738
9564;3200
4203;3251
1867;4448
2126;5518
5048;4957
4226;1612
2559;6751
484;926
5245;8767
3267;4359
9176;5980
4610;1077
2735;7886
8723;1887
5917;9779
3964;2497
898;7670
7208;3386
1482;2126
7758;900
7352;9115
4110;4146
698;694
8826;5305
5911;328
850;7236
4299;6663
214;9728
3405;229
2566;2253
7779;7718
3064;3540
4622;1422
4284;2713
3697;8821
705;8818
4183;298
9559;8639
9846;1250
3558;979
6709;8490
8307;6514
8701;9511
2546;9040
7653;8021
9707;7511
7938;7912
9080;9793
5334;9778
1191;627
8312;5589
463;5187
5472;1935
9454;7548
1319;9129
5443;987
6513;300
9268;2483
4431;6697
3778;2001
1425;6360
8471;9256
2945;879
786;7825
3865;3362
9272;9846
3070;7304
7985;2223
5437;9486
2500;6290
7475;9596
8945;1327
3049;1278
5198;6024
2711;3804
8485;4428
5520;2340
7935;664
9572;5522
3270;5648
651;313
6276;9027
3596;3045
2521;1383
1013;9444
5246;3642
6792;6456
2415;2792
3103;7241
811;9093
4474;297
245;4013
1048;9314
8639;1934
7147;3232
8339;4575
5162;5878
7095;9283
107;5353
3500;2772
8333;1996
9629;285
2528;9002
9720;4157
6942;3584
1558;1625
7183;4248
148;5621
6548;4053
6926;4446
2119;4456
8266;2482
830;9240
442;2696
7432;8297
4765;2699
9282;5000
3717;5793
9044;9446
8410;9410
9640;5863
1397;2060
1712;9391
6913;16
4316;702
7851;4404
3242;4009
8490;6878
1094;3627
8070;4840
9185;3947
7092;9978
2771;8524
9768;1844
2656;2165
7244;9210
4232;1025
7116;2380
1913;2852
2189;2922
2468;2144
4454;7182
2651;5311
4766;5366
8926;2927
2476;5839
4628;7730
2667;2996
2998;1329
8711;2771
223;1859
8892;7778
1579;3053
8923;8895
939;5536
7709;7227
6687;445
5906;9492
689;6100
684;9248
4792;7948
2563;5748
6573;8444
7373;6102
5102;3704
6712;9740
1081;4391
7893;9464
988;6733
1736;1043
2612;9826
2514;2651
592;5113
1574;1829
6849;1473
5183;768
3109;4069
3400;9323
3384;9726
3402;1652
5873;6260
3232;1832
9361;7413
5163;9653
7822;824
7727;82
3159;1884
1183;8580
6859;7497
5182;7363
1713;4701
8213;6912
7339;1000
6400;9015
1767;9743
3765;1822
7833;7104
6012;4292
8101;304
9575;2463
4154;4846
8008;2306
4143;3321
1386;4559
4760;3124
799;3853
2030;2275
614;6329
3510;8433
1165;2305
2588;7181
6449;5278
1275;6184
6275;457
9861;1737
4588;5860
391;4531
2005;7520
36;9259
5802;1062
2712;4886
627;6484
3979;8591
8147;9362
8703;3369
8798;1752
5326;2458
131;3922
1092;1277
8571;3972
8449;376
4590;2108
372;1975
636;5182
3172;3991
3966;1820
2531;4081
8465;9862
9141;5087
7595;4029
5611;7688
1997;9711
6404;3289
8925;7349
8488;3306
5574;669
8263;4420
5514;5951
7140;5867
6834;8410
9957;933
3757;2192
832;5852
5854;6870
3565;264
184;1225
1104;8371
8869;4569
3843;8593
3458;7974
1061;6263
2992;3949
8658;5571
4942;749
1401;6764
7115;7047
6068;3088
7729;9850
8928;7483
5585;1154
6730;9681
166;539
248;3766
954;1776
7503;366
9615;1086
5513;731
2722;1818
9135;9814
7546;8546
3040;9355
2184;3198
4033;8357
6005;6252
5994;8801
8098;5020
3456;7037
1039;9684
9597;4372
9822;4033
4557;7321
7534;2666
8832;8064
9401;5387
4468;2265
4527;7307
4139;9688
7732;550
7845;5608
7184;7161
4387;4943
895;732
4268;3461
263;7009
7752;6477
9610;7598
9430;4639
1594;9184
2662;2755
1379;6840
3805;2843
5247;4948
2103;723
6995;4160
5266;9473
5581;4787
7518;3567
4529;1546
4851;405
6667;1028
4627;1950
4990;7420
1595;5877
396;8050
2114;7358
291;5285
4566;6568
8978;6275
3272;1881
3363;4965
7886;2376
2386;9488
851;2971
5614;3173
6116;8873
8612;7043
1604;161
8737;1029
1825;6535
7765;7218
1395;5538
3927;8414
9455;47
3199;3929
4574;2686
9146;8559
1079;4206
7357;8431
6058;1930
8883;2790
5702;6465
6367;9394
8165;6128
8348;1664
707;6968
1106;2505
5910;3745
1717;4280
3328;6229
2967;7794
667;2324
5880;5074
1231;3884
1012;5542
5194;9140
942;5298
5693;846
5883;9782
2128;3415
9399;4184
7308;6264
8499;1619
9686;8407
8846;1412
3427;3989
9056;6251
216;4746
2922;7093
2709;3509
2078;8155
3354;9277
7406;76
380;9533
3970;2417
3838;5339
3349;5526
2285;9383
2090;7866
5496;6121
6949;3892
5112;6001
2718;1454
1991;793
1028;6997
8954;1665
9208;1272
9765;444
9872;5328
8010;6996
5239;7179
2874;3883
9069;1632
5810;6007
1088;9991
5675;183
2605;6085
713;7989
9791;980
8014;3781
7804;6006
498;1656
8716;6400
5158;7222
6077;4049
9651;3292
2045;5347
6452;3673
3901;2974
6435;6606
8494;4808
2175;1732
7418;2815
9428;4339
3899;7923
5335;5762
466;4204
3282;2169
5190;6073
3418;5096
5666;1284
2331;6553
4365;7366
7364;4102
5860;4978
8009;4050
3942;9558
7448;9614
7002;3467
3534;3688
5993;244
7520;2632
7613;9326
8822;870
5982;9470
733;6688
5602;3134
8327;4759
3300;3686
135;667
7216;3541
6897;1678
8788;7674
2109;4969
5360;8694
1727;51
7412;2070
9980;4749
4555;1175
6269;1095
887;8485
2819;9648
7118;8954
1643;7829
1266;6035
3325;8724
2058;6684
6387;560
848;7705
6302;3159
1488;490
3514;320
9319;7146
4806;1696
3682;3566
1554;8413
3946;1109
5549;6187
4294;994
5028;3536
4343;8943
9992;5525
9035;3050
6361;7763
4490;5218
4080;1502
7777;6813
6710;9433
6634;7691
5020;9979
8919;6552
6052;7372
9511;8008
9287;3336
7536;7141
8143;5005
9494;8772
1522;2515
3034;7132
6326;3665
9527;5307
3353;8206
2736;1856
4165;2485
9769;8725
4006;2489
735;1981
1823;3705
7126;7803
6083;9011
7522;6532
6505;2691
8722;3012
5171;8538
4150;6147
4538;5055
1466;4803
45;2743
2843;9292
1516;5082
8813;6318
3309;8661
3133;4362
3407;2441
2050;69
9332;2756
3655;4982
9103;6690
7642;7661
6480;1187
7039;1969
7618;3547
8569;2577
3462;678
6105;5797
4114;5174
3575;6175
7063;5474
2347;134
1680;9217
2668;9546
6943;450
715;2757
7532;7083
3283;5845
1931;4182
5523;6810
1468;1655
9895;6266
2482;299
1036;806
4371;2682
7428;9500
3393;3396
6661;5428
9793;3430
2052;5054
1965;5454
5771;2751
877;4191
5698;5804
5317;8029
4144;6683
8505;6577
7021;8024
3358;3925
4818;1008
9436;3622
8028;9583
5459;8585
5157;9330
4229;6883
1442;7351
5678;442
9078;6889
6868;9798
4089;6397
7064;5602
6692;5434
7272;9095
2669;5378
1742;3714
3714;807
5727;4821
3345;1916
4745;246
6417;5649
4401;2303
9359;6983
147;8934
1103;1847
2985;7423
4501;3871
1775;9343
4547;1283
4397;4468
2653;1419
4055;9336
4649;5363
8839;5944
6755;3632
9514;2723
3142;202
9891;5097
6295;8621
1154;1780
4208;8791
4950;8647
3878;1287
3727;6347
4526;44
7256;3380
677;2900
4169;8686
9068;7324
1547;267
2650;7344
8517;9130
2323;6758
7793;287
9583;5807
559;3548
4102;9478
1536;5310
1697;10000
8859;4469
8285;8957
9149;2669
8113;8342
7017;6407
5160;2171
1492;1510
3797;743
2202;4278
5984;4604
7202;6202
6699;970
2147;1449
2626;8658
7980;9638
6747;4552
8501;6923
7934;885
2698;8073
9808;2506
1343;5376
1267;7915
1346;9664
1846;105
4788;4209
1681;2931
6154;1337
57;8104
1901;8317
405;7274
284;6753
2105;2332
657;8131
6308;6019
1852;8722
9506;8072
5722;551
1972;2917
9558;7111
7082;8778
8795;7602
5357;9046
6042;7152
8109;8728
600;414
5065;6117
4865;1684
6626;7421
2969;6234
9382;6398
3678;3526
6530;3773
879;4088
1785;8605
1885;1831
7817;6462
8041;4793
144;7085
6934;1397
2364;4017
5050;8445
5665;1645
629;9293
2885;715
8858;1409
8867;8729
132;8922
8034;4801
2284;1606
5886;6922
9622;7959
4372;3888
1489;8835
8145;4406
2906;7172
7971;2099
9910;452
3574;9889
2434;218
2518;6445
9881;5564
1478;1324
4809;3797
2954;5721
9993;6442
9858;591
7279;2048
1845;4367
9607;3379
1756;7656
9759;7625
4541;1676
2012;7138
8217;1248
7466;8731
692;2504
495;3919
8940;9932
588;1681
4913;7122
9017;2795
8789;7965
3183;166
6566;5516
6580;4065
3592;4855
9502;1355
5607;9127
971;5342
7926;9254
8022;6956
1087;4297
2099;3899
7124;5242
4140;7680
6852;3647
7688;5558
8118;8325
2377;9201
6382;378
2932;5760
3245;1600
4298;7527
1420;2819
9948;2701
2864;5227
8546;408
6707;1638
5217;1727
3152;3133
6822;1353
7751;424
7086;6966
8311;5719
9687;3757
6603;6039
3663;4534
4563;754
8254;9332
3379;4385
7846;5413
6524;2998
2001;4111
2640;7546
6159;2836
1126;9735
5123;5102
8660;4868
6600;2115
7987;3788
172;501
9458;3894
9377;1533
7540;2661
3326;4964
8430;1952
1144;5080
5029;5599
7297;8153
4594;3064
5406;843
6020;2204
18;5543
5680;6894
2699;5077
2181;6475
9039;2676
8302;2028
2914;4732
4295;2806
356;8449
4194;9062
3698;4908
4412;2222
8687;8604
1722;8980
8091;7898
7968;1898
9156;4805
3972;4675
1262;3531
3864;2435
5153;7477
3774;1639
7253;2925
76;9096
3499;4323
2040;5331
6168;8025
3117;3885
2405;7752
9887;5238
5537;7636
1430;8504
597;1833
4571;4525
5630;8102
4366;8336
7772;5027
6310;5927
5505;5776
2359;2514
7052;2728
5679;9865
8632;1128
8487;2665
2552;9893
1190;6975
3502;1174
764;725
5591;8860
1611;3153
5705;8786
3827;729
959;1611
419;6866
8682;744
6877;1690
1366;5357
4759;2090
7831;7534
9734;3965
5647;18
8049;4662
3520;4629
4895;2871
6486;2930
990;6743
388;7089
5343;3572
9126;7273
8930;708
695;3693
1724;322
2223;4912
2792;3225
6586;9866
6817;8015
4552;2175
3823;9625
577;3194
1804;3063
6975;4883
9697;9059
5617;1764
6373;9109
3552;6801
4918;741
6642;8012
8031;7203
7066;6011
6890;5884
5690;6327
4178;416
8616;3935
3763;818
585;9236
8037;4434
1623;751
9738;9368
4205;5569
8405;1404
2253;4832
1855;8067
5355;1704
2089;5426
7301;9374
9304;5408
4960;832
6857;9401
3293;8544
9231;8172
2990;6371
1582;4774
1135;1496
9624;8787
4604;5508
5870;5629
6094;3824
7976;9091
126;9629
6189;5908
1464;2941
8391;6417
2584;3534
5154;8006
590;6485
2008;4235
4874;4823
5661;5900
785;1685
9414;3755
5390;6045
392;2468
4146;650
740;6279
4822;3570
9065;955
517;5634
548;8573
4880;9617
2418;6696
8431;1721
4438;6328
5711;3234
9777;5419
261;9406
5236;6390
6579;7476
8318;6533
8002;5654
2811;9646
6363;2444
8376;7779
3498;6096
1808;9034
5737;6155
6498;8345
7633;2764
12;4140
6456;8577
4047;9412
1169;9321
1300;1895
5187;8384
437;6350
5204;8594
1465;1515
4936;7840
3620;5841
9907;3663
8914;6946
1829;3674
4511;8942
9041;9245
4702;3765
1449;2355
5509;7694
5414;6791
8036;6597
3158;4471
7676;4743
8891;9151
1628;2043
3648;7518
519;3752
4636;2
1759;4072
8776;6844
613;1098
6372;7553
5819;7094
4820;6861
7643;7830
2523;8406
7204;2239
5170;3598
5622;1491
2467;6037
5109;3082
1260;5923
8556;5763
3107;2266
6324;6044
3538;9576
7156;5545
2496;7541
7074;4907
620;5012
9709;3085
8236;6381
3221;4497
7519;6009
748;5819
9963;541
8139;2093
2989;3987
3685;4346
7238;375
9934;1575
5497;5084
5336;7008
7897;3190
5948;6348
3508;8390
3299;3486
518;586
1587;9163
9647;3634
2491;5024
572;3294
3830;924
8284;531
9802;1093
6518;8244
4466;8323
569;7328
5851;1373
2257;3820
9097;4776
6623;7010
9688;2828
2295;1923
8140;4853
2962;9329
9836;6393
6774;4470
5197;993
6654;4375
9856;1827
6197;8720
6646;5710
6061;2850
9630;977
7275;5351
7578;4641
7762;5400
5374;7301
8999;5460
2790;7334
4996;7914
3825;9666
1755;2961
3287;8952
6641;9051
8323;2911
8803;7078
6135;6000
2587;3979
6522;5205
456;4828
85;3283
2160;628
5962;7567
4630;8911
5831;8556
1064;5056
1493;2155
6831;7206
2391;2554
7655;249
5430;582
6900;5669
7261;5607
6728;8168
3914;349
3848;7698
5062;3355
2372;7931
5402;2264
6146;9878
4698;953
608;8166
9096;2205
3332;2832
767;5535
9717;1762
4188;7390
4997;5922
9661;5816
5043;6874
4014;1720
327;4528
803;3997
9854;8142
5940;3160
8419;2003
6759;6322
5383;3059
7028;8022
3120;3596
4058;6585
200;692
4761;9891
4982;7558
4717;1986
8239;6269
4787;3528
2007;6817
4879;3565
4665;5107
5532;8100
5474;6681
5371;9597
5828;6143
167;6932
670;3623
6053;4506
275;1400
7678;7135
1754;8912
1436;2258
2926;7386
4558;4835
4995;861
4101;3585
8058;8607
1328;8278
2513;4246
6632;2065
2909;8395
7083;4058
3572;1874
8640;6342
5998;9267
3205;9738
6733;6549
6844;4377
6938;7828
923;9712
234;7357
6015;3221
4289;5108
1078;2760
7153;4768
5464;8462
3527;5133
4255;4684
4373;903
3924;3249
1096;5941
6128;790
7572;5722
9543;6444
8635;8042
7583;746
6955;4181
951;9993
8272;9989
6223;1295
2032;7754
4470;1942
4790;9914
9568;911
9556;3869
4861;3011
2720;7075
1711;7589
3740;230
8513;6728
4184;7025
4904;1294
9820;9341
2756;3506
4975;5832
930;4329
9535;8979
6681;127
1440;760
4696;8578
4747;9064
9982;5982
7582;3648
6970;5557
8695;8108
2747;4772
3080;8180
2354;8175
2084;6551
1247;7352
5129;1925
385;5801
5047;5772
9040;6420
4528;8170
743;8133
8134;3698
5927;468
4254;7245
7634;9386
1745;9052
7738;1886
6950;4974
3687;6858
1588;4876
2578;1738
5421;3081
5992;3489
7283;3563
2837;1219
5331;2601
9217;7004
5085;4610
1481;1480
9528;5046
2691;1955
6354;9120
863;4493
5030;5528
1606;8629
6112;5114
4413;5011
5894;5247
4551;8981
4811;9471
9828;8245
6737;6634
9652;4115
6672;5693
5382;3640
8613;347
6713;9031
6985;1614
4171;6555
3907;5355
4517;3307
2946;5383
9663;6151
8433;8193
9265;3593
7795;5861
1131;2921
9595;6457
2760;8120
3446;9092
9070;8176
470;4946
4833;8288
4660;2276
3433;1540
9632;1516
8089;1739
4694;578
2931;4606
8538;8259
7460;1254
8038;3021
2124;4939
1426;4038
4828;6080
9740;6067
6477;8959
8334;2343
9786;1689
267;7399
6754;7397
6917;3956
2130;7861
3110;4992
632;9146
2458;2105
1877;3463
9196;2778
1157;4175
3802;6752
8985;8996
791;8798
9163;7200
4800;4617
4710;259
7076;3948
9899;6659
7898;9451
3260;7584
5515;4307
9022;4496
5227;3272
7430;8044
2186;6150
8048;2827
4235;9622
7513;4190
6715;4782
6501;6314
3210;4122
8565;2637
9433;8382
2036;1991
8313;2211
1995;7835
3236;1505
7966;6603
1344;3213
6408;651
7169;1188
8843;5257
6761;8094
8670;2702
1704;9380
7844;3455
4802;3889
3030;7340
4360;6621
9049;4373
8771;6119
1835;7833
4830;8365
9284;4551
532;1371
6067;6631
4841;5044
9123;8819
42;3607
5538;1848
2734;1802
9077;6742
4798;7635
2255;7672
928;7154
3190;1239
9823;8541
7138;7494
6987;2082
8310;3066
7045;6586
788;8820
4521;3036
6459;5442
1148;6396
3160;7190
2270;781
4218;5711
7178;1123
8912;528
67;677
285;2094
3046;4186
6555;5820
7240;4395
1706;5774
5411;3763
1918;1514
5011;912
5977;2591
5571;3856
3686;7490
4237;7269
943;621
8401;360
5976;7944
141;8983
4196;383
2982;3533
1271;3031
8292;8476
642;8038
3973;4848
458;5142
6760;5791
6229;9022
9138;3055
9744;6049
5053;163
7320;3680
3032;2193
9470;1622
6331;854
1689;2929
4185;2007
1639;8762
4167;8509
8768;5181
8911;7543
2558;3839
360;1227
2522;4922
5642;9950
6961;6694
5587;5576
6150;8488
2079;1112
273;7911
9018;8493
8539;2954
9479;8469
3331;3849
5803;2765
5539;6186
8377;8032
3419;1605
5500;8349
5724;9128
5781;9516
3238;7165
7605;504
871;4683
6151;5120
3254;5566
4191;7224
6056;3927
3165;9019
1914;836
6721;1200
7989;1336
6876;9659
1738;5399
5531;1939
6696;3495
8506;3743
7661;9940
7786;4451
5508;4118
5080;9411
8484;2511
8360;2141
611;7381
51;2131
9883;6662
3781;9080
7870;6807
3168;4535
2991;7175
6252;4074
2459;4014
9796;4300
3808;3515
2329;6960
7177;8436
4934;9467
5426;3130
5492;3267
9693;2799
1058;2292
5073;5121
8459;5972
7508;1388
4034;371
9667;4673
8882;5724
6996;2869
6419;1458
2807;8960
3622;9173
2830;1735
5799;5740
701;8788
1279;195
1794;9603
5372;5457
7068;7651
5068;4071
6469;5475
8273;8270
4166;7398
8445;2522
8745;7891
5510;4156
7816;6259
3118;2939
8966;3806
6048;1908
2407;119
7389;2011
5041;254
8240;927
5100;9669
4021;1984
9120;3588
3789;207
7069;8116
3494;52
9444;3727
432;535
7294;829
9605;3239
3852;5091
4023;421
7197;323
5975;7461
5580;5401
7776;1635
8209;9915
9343;3954
2748;1202
5762;1313
2927;1933
1526;2735
4579;372
33;4432
271;9671
1535;1728
7798;8251
3815;6731
9894;838
7200;7897
6448;8736
3931;3078
6694;847
8987;801
1868;2234
3851;6543
2865;2609
8942;6362
3234;3523
6145;3164
2890;7826
3483;1103
6078;9286
8783;6395
4272;7082
4219;9956
645;5263
3813;8769
359;7676
175;1973
9849;2297
5723;9317
9885;3969
4349;9463
3913;7801
3702;7244
2041;459
8136;3803
494;7776
4940;1311
1455;4889
7160;3406
2258;2479
8630;3068
3308;9881
5167;5250
8655;1158
3803;5823
1359;9053
1662;2926
7648;308
1591;9134
7255;4937
6885;3934
5645;6317
6140;2461
381;4533
2538;2627
7394;6605
6739;9802
2335;554
5827;5371
227;6562
1462;3425
6587;2334
310;4259
8567;5301
7722;9863
2004;3519
8742;9763
5999;4104
3623;3277
770;8227
6113;8103
6864;9885
9255;3633
8579;3027
944;6471
2341;7199
1779;8069
8005;7258
9747;2685
8879;5322
9251;3762
8337;252
3922;8619
8464;6672
4672;7986
9795;9448
5126;6246
3796;3424
201;7479
904;9480
8277;3325
1269;910
7748;1064
5773;9426
7981;8603
9327;7198
6307;9734
8220;6053
5629;4224
5180;8887
34;3145
2230;344
5662;960
476;2245
1842;1362
6812;3910
5506;6441
9553;9404
5491;74
5778;1338
6798;169
7303;904
7405;2493
3224;2397
6924;3178
5289;7951
3857;8590
3179;3329
1316;1912
4635;2166
3522;8795
964;720
1354;3399
8225;3539
5145;6827
3490;9216
3785;3335
6835;3472
7135;1051
4562;7293
2448;3378
6793;891
6547;282
9937;9135
2300;1063
4972;5183
2061;3241
1777;6893
7318;2509
1296;6796
3162;9225
7189;9133
9374;6653
768;2283
23;1224
3307;8805
7088;8183
5551;8049
6918;1878
1388;5937
579;8185
4221;574
1923;6310
5362;6249
9599;8672
1270;894
2664;6504
5369;1450
8388;4105
5856;1860
4;6443
8425;8842
3442;5577
7328;7264
2471;3400
6811;7454
105;8925
1014;8765
2618;4173
7556;8969
868;6594
5511;7871
8332;3953
3989;7439
3840;3193
5006;2005
4587;2127
1502;9580
9426;2057
5113;9750
2615;1487
7172;7838
7151;4152
155;9057
9128;5251
8665;4311
5104;8009
7625;8747
90;9526
9619;1520
8763;3391
4213;9479
936;8215
5866;7657
6594;7502
6904;8845
9206;9663
2080;6768
2473;4293
5361;4900
5094;2880
8657;1565
8623;8189
3554;6118
4384;8011
7666;4709
1197;5790
3621;6405
7421;1872
5691;4337
1374;212
6535;6195
1445;5271
2138;2327
3975;7158
5649;1512
3581;6701
5007;1817
2170;7660
2655;9311
403;7429
8599;3017
9490;4466
5254;6511
7615;6911
4488;3939
7551;2507
4915;6958
2942;5979
6392;7888
4978;512
7182;4630
4757;1471
5098;1286
1391;3125
2591;7642
1726;840
1641;9903
2606;2439
2782;5886
3216;5197
7568;2133
7329;9421
9862;6755
7790;4748
9261;2885
1668;9139
2404;8213
839;3724
2154;3448
8105;5945
9277;5303
6578;4984
7130;6620
2146;3385
5460;7969
4402;1851
7766;7739
1340;1044
9177;8702
4234;4507
1865;1347
2529;8713
4031;556
3486;8184
4730;9832
8257;5409
6021;4150
9922;3816
3240;9544
1102;9301
235;4437
5805;6760
1330;1040
1026;2915
8290;3485
3068;5453
7119;7550
6720;852
2569;2143
6198;6330
2551;4078
8065;4954
2288;6492
6621;633
5003;6748
5037;785
9092;1321
2955;4631
2048;9155
3625;4450
5124;5398
6565;3454
9492;9872
5547;9599
8627;7121
7089;8879
3798;1803
1603;9665
7409;4869
6854;3310
8324;2995
6131;6243
1960;6648
708;5337
9336;3282
9019;9408
276;2510
650;5917
9151;1379
5179;2387
2339;1550
9036;9535
5031;888
6034;2160
6940;7464
1085;2395
2011;8823
5765;137
4333;1392
6597;1976
675;4983
1333;6792
7341;8370
5918;3583
7122;626
2207;2228
4326;3729
2266;6714
2883;8070
8503;4999
8673;1821
3303;7442
8681;8668
3025;3723
8069;4524
4890;9165
6785;8241
8331;9058
3329;1045
9365;8419
8157;1445
4231;9772
5546;4849
6123;9442
4352;4580
3775;611
3576;5467
1892;2565
7199;3741
1884;8031
3479;5560
2472;4505
9165;7966
4186;2246
5238;6863
5172;1511
6225;8779
1204;8282
8689;5244
3649;6836
1213;7277
8935;5235
3324;409
1538;6513
8519;8985
5968;9565
3705;3837
5816;4609
5448;4188
2704;7877
5;1475
3696;8691
7234;6373
4754;7786
9633;8136
9774;8737
8752;4700
2731;6604
3819;2499
8529;8356
3474;9776
1593;9220
7498;6589
5196;6873
9673;8036
573;7753
1345;5297
5494;7395
5188;922
7967;4064
7109;1637
8119;9982
2661;5815
7010;974
4988;2579
4854;8078
1336;2872
915;7118
5672;8700
9766;9461
68;3568
5950;1484
7344;494
3074;8398
5820;7921
1434;915
8996;9369
5108;407
2388;4401
7229;3963
1973;4554
414;7836
6037;6099
5991;5166
8699;4501
312;8768
6318;609
3207;6135
4654;278
5743;1091
3640;6065
2326;4762
9825;8642
7821;2296
9689;9023
1634;3628
7281;2434
7873;1469
5881;5161
8395;243
3849;5132
8291;8881
8815;2605
4502;71
4141;1651
8918;2656
5137;8082
5138;5052
4323;5597
1334;4586
5865;1534
7380;7510
6087;439
2682;2781
3776;2863
7877;1055
6216;3342
7186;2255
9335;5062
9961;1261
2817;5202
5314;2420
9960;4677
4652;3287
1528;1443
7166;543
2781;7998
4334;5541
5353;5990
690;1843
9288;8616
7016;4332
7994;2540
5207;2952
7014;7126
2441;5492
570;5473
9521;726
6678;8888
5354;3579
8304;4779
8355;4536
4452;9813
3198;4382
5550;3418
9095;2906
6611;6971
8680;6882
6031;1504
3295;5450
5087;4317
2999;7140
846;9249
6930;3466
4207;2150
1551;6944
2643;1706
2795;2488
4891;1146
2250;5170
3794;6989
9956;3696
459;5572
8697;2707
7290;5243
2541;5359
6551;3375
2489;3051
2470;6837
4419;7032
353;2184
9493;5340
5264;7042
3668;1864
8927;683
2907;5567
2952;3722
7707;5380
8794;2157
6882;510
8805;3530
3676;3141
6115;3915
2903;470
231;9615
4777;6215
7387;1926
7586;9180
7937;2748
9554;3360
1505;91
5790;9440
349;9591
8232;7080
2896;7704
79;2549
1874;9242
9588;3646
7847;7574
7787;3569
7902;7074
4653;8974
6744;2769
3263;6953
8886;7925
4228;1587
7334;3780
7548;3191
7923;9270
7671;9202
9623;4080
9446;8741
2542;9811
2768;7627
8429;8858
6172;193
8545;2242
468;4291
3580;6346
8677;7192
6122;9789
545;3551
9055;2603
4985;4378
1632;333
6564;4642
4426;592
1661;8918
40;2039
9452;1774
9339;2055
3934;1648
6781;1617
7133;8554
1004;3492
4598;7168
6561;7874
709;1761
2673;2182
3925;9773
386;7232
2785;423
8061;1578
5753;4211
5442;6334
581;7530
5090;1588
8870;1835
1423;8065
6875;1116
4156;4712
4086;4240
7198;7953
6044;8678
1009;7127
5901;168
1452;5086
318;3796
5668;3086
2332;312
4181;6575
5889;661
6428;1142
4465;9713
2495;5546
8508;2955
958;3577
3399;9145
4773;859
3692;8196
853;8221
5703;8312
5837;5849
3284;5323
775;5294
4367;4725
2429;5704
6258;2478
9929;2984
2853;764
224;5506
8205;8190
5377;7418
9184;6548
2780;4934
6802;909
9215;8465
4277;1126
7977;5327
8093;3054
7811;5761
9798;214
7382;4091
4564;2132
6171;5455
9297;1381
9453;514
293;2534
1357;7528
5738;5156
5801;9945
9991;5397
7950;2081
6691;7993
9613;2983
6245;8855
7710;9
8528;7315
2940;6629
1757;227
957;1380
345;9088
2572;4623
6293;2021
6727;564
637;7347
1566;3077
336;2825
4258;3291
9989;9106
2486;3456
520;6216
717;8341
7006;9191
5387;2882
6346;4043
6136;9913
8486;5794
2995;941
4675;5971
7696;1378
1175;3140
1899;5660
1128;2596
2971;2464
3125;7353
2367;9024
4094;1804
5439;572
9517;7906
6489;9557
4837;7744
7584;9707
1707;4878
4674;1624
4909;9215
9010;2539
7233;5199
823;4626
3071;471
1679;6125
1925;519
7024;619
2740;4810
2034;8454
8899;6458
6466;5958
2384;8984
2171;1896
9943;426
3463;6900
6413;9635
567;8874
9728;4857
8260;5595
2611;4905
4073;4898
5862;2589
5876;9235
5697;9880
3153;9541
5590;5253
1572;1257
1446;3434
5388;9434
3726;6075
262;1892
2237;2188
6292;1560
1306;6041
3191;9496
2677;5333
9979;1919
2808;3103
7134;5912
998;1255
3566;9649
7952;4485
3311;5855
9432;2326
4136;8889
693;1010
3079;2957
5449;5153
8414;2674
5279;1858
7054;6081
1274;7327
8739;9905
9085;7875
5038;9640
8386;1075
8589;4059
9908;7618
6596;1493
2443;8800
8527;9397
9073;9004
3935;5280
2628;4376
7292;9427
3694;3285
1460;5714
4559;2336
4337;753
2321;4128
7251;9745
5070;1865
4965;9168
1161;4603
9442;3256
671;2278
6271;538
9227;9009
2363;2233
2235;3039
2318;2730
9785;1526
9509;7458
8582;4465
9301;6625
603;1243
53;6877
3507;2912
7146;8655
5884;2122
9794;3554
9111;7109
1485;1242
1273;7112
8021;189
5699;2962
3613;5672
3126;8829
593;2759
3642;1358
20;6849
5466;6054
3589;4116
1369;42
8596;2469
9406;9223
2744;3477
881;1709
7110;9911
2450;89
6581;1312
8727;5015
934;6565
9169;2940
6345;2423
7227;3084
8081;1032
65;219
1284;1364
5035;5158
5740;3223
4885;1385
6896;7759
9614;8592
1152;7665
7526;3224
4778;7184
316;160
5191;5070
7004;4481
5144;8359
339;1289
7965;8623
719;7066
8146;4644
3811;2101
9538;6536
8408;1066
1220;4750
8017;9909
7417;6089
3821;3332
9396;7824
8760;7023
481;7169
1719;2398
8270;9162
7487;5160
9212;5002
5214;6793
2162;3319
9089;5436
9843;9575
8606;6237
1798;136
6415;5374
4959;5503
4260;4646
6388;2361
9522;2309
5766;3504
5429;6240
2314;4138
7933;5079
979;9853
2264;3629
1890;8269
8444;5441
5393;7648
22;4130
2857;4811
4943;3902
920;3873
1182;6831
7236;8734
1323;3952
7650;1541
3536;8733
1212;4783
8953;4571
691;3946
8747;8202
5401;4558
796;1020
1878;5929
5676;8665
2102;2831
916;4023
7754;5259
5673;9532
9838;6929
3741;7588
8904;5258
9890;8543
9348;4926
4223;569
5997;6700
7397;2318
7910;429
1312;804
2855;2853
9977;8945
4703;1701
5772;1114
6455;6816
7842;8424
3054;3111
5092;6583
2520;3858
9060;276
8905;1795
1350;5626
937;883
4109;3637
3192;1539
6409;4409
3605;3120
7164;9784
8877;6296
496;8316
2010;8145
8063;1096
8035;4228
727;6227
2693;7378
3995;9287
7843;9651
3739;6910
2416;8040
7553;6559
7326;2263
4994;6735
5159;2951
578;7859
4819;1144
5275;2956
1172;8480
1843;3685
2598;2812
4328;86
2708;192
739;4807
4536;4057
7664;9340
6396;9548
5484;7002
6412;2405
3278;7001
9985;5414
3980;2720
5759;5531
1467;4478
1895;1195
2652;7160
9997;4680
7218;5325
3828;998
5621;8789
7144;4667
4514;1789
4817;6480
6460;3615
8738;2583
8694;294
3767;8041
7588;5653
8908;6425
9274;217
9827;2291
347;6161
4269;3091
6212;2227
9167;415
6883;1792
6321;5491
1560;9785
9525;4264
6601;907
3082;8034
2410;5388
724;7793
3091;658
3170;7101
4906;4894
8103;8632
5018;8401
706;625
1740;9348
2627;8711
9153;3645
2958;4474
5615;6399
1479;3829
4539;7092
5471;3165
4429;1393
5712;4316
8674;1264
2134;4270
4626;1280
8043;8916
4168;8268
8588;636
7005;427
6616;4411
5692;4129
2743;4722
5049;7669
4172;4618
5717;2902
5777;8224
156;7024
1303;5915
549;8223
882;8060
2278;9723
8590;9094
4256;4888
4647;4561
5376;6693
7592;4220
7427;553
397;9481
9342;7929
8744;3440
5612;116
6556;4215
795;6712
6631;5394
5231;147
2315;1314
4211;5918
1201;3807
1431;3936
9751;7491
8516;5025
1692;3904
3637;2243
6062;9715
7652;6190
4115;711
5135;2905
4916;9499
4992;106
4937;5246
5019;8721
5058;1209
1847;4410
5392;8306
7693;3365
5379;7721
2204;2120
4127;548
1776;4015
1196;9206
6606;5783
3999;5583
6605;1092
6988;9972
1246;3341
797;1068
3359;6194
9984;7737
3695;7302
8224;2891
2849;9821
3577;6377
8249;3769
2895;3768
6871;7773
6865;428
1658;4200
5750;6590
5965;28
1364;1724
8638;2969
2827;5179
4967;1543
4875;361
2469;583
4108;3668
1192;5476
3451;9246
6559;6294
6919;559
3540;7235
6079;78
8226;9845
1461;8664
454;4585
6117;6965
7878;225
2023;4730
2313;981
443;4486
3896;5620
6137;5427
3911;6737
1454;2069
6569;9076
3376;8869
3412;6708
4826;9099
7037;8636
531;3253
9084;8076
2884;9089
5095;2967
9197;198
9459;3080
1027;9382
4051;2559
9799;3093
8020;7788
7875;1191
5754;4321
5101;9520
1859;887
1015;5887
1309;7507
102;4355
9600;115
4472;990
2829;5996
6232;6934
589;3692
7175;8498
9000;8500
6517;3296
2595;8442
6726;8564
8853;4347
3568;1407
7840;7016
9519;9354
1384;4548
6965;5067
5136;8848
822;4852
7062;2159
8932;3264
1470;6639
6287;8547
6213;6661
2279;5446
7215;6671
1987;1643
1615;9503
8982;5315
2485;5047
5936;4592
3779;4645
4705;3208
7681;4279
5829;2322
1948;6804
9866;4718
8336;8753
4729;3643
2203;2054
4292;3961
7434;3978
8995;8475
2438;6255
5366;8631
2403;95
4962;355
2280;6278
7974;5276
4306;1807
1601;5655
884;1785
3844;8656
2094;7955
3406;9477
1242;5782
838;5811
7327;7493
1956;4265
4986;1545
7461;5083
6910;9566
4829;2785
1627;6602
151;2896
2176;7059
9696;8086
3505;5970
2610;886
972;9193
8340;2835
7949;7402
2809;6913
3251;2868
734;6795
321;6421
7695;7020
986;7920
2308;232
9198;3747
9204;64
5747;9342
1358;9476
7407;9721
4430;6403
93;434
7880;7492
5274;6949
366;4614
9762;3832
7323;5749
3662;7918
3342;9179
1263;6158
2392;4686
5067;1296
9192;9313
5404;4252
1380;1503
4645;5836
109;7247
6443;6179
7700;4381
5775;4067
2193;2236
8555;5806
3425;9425
5111;1583
2226;7565
5875;9817
1019;5372
7055;3703
4137;3496
2277;9176
7316;6200
1927;7501
1512;5876
9466;7437
3871;9861
1265;5175
6414;5237
544;2185
3114;3721
3681;9559
5128;3469
6636;3176
7734;1657
2547;4303
658;2620
1708;1597
8319;9572
6806;1717
7993;181
8988;7671
7781;2080
1764;391
1367;3409
9356;6941
5507;5031
9815;164
9499;9923
8561;9359
4577;4757
9182;1316
3888;7885
6823;2688
4877;398
9281;2025
2221;1387
4027;7374
7222;7524
1783;517
7982;5384
5795;2763
1596;5208
989;7107
6028;1281
3226;2821
5268;4388
1218;6028
3076;6288
6401;2648
4305;3359
7483;5752
1682;3203
1739;25
6106;1918
3658;1980
6322;4269
833;3275
5256;9962
8614;5065
9230;2194
5599;9413
756;1722
5682;8020
8553;9988
4712;8350
6483;4416
9119;1048
1072;5335
660;4588
6627;4135
8876;2247
6741;6711
731;7430
5074;8234
4646;2959
4659;3843
3608;305
685;8949
9316;4744
5052;141
663;9063
4099;39
861;1750
2690;3821
7254;8308
3006;1374
5633;9447
3531;6891
3628;5953
2671;4756
2150;8404
4458;2936
84;893
7000;4494
8004;6454
5168;9752
2224;1170
4546;1777
4296;8279
1236;9741
8274;9916
2177;7460
5248;4212
3188;5689
3370;9574
2505;3210
8524;8701
225;2413
859;1670
5791;4063
75;7868
7645;7275
9088;8143
2870;3235
512;9441
294;4796
1239;5223
535;3613
9810;7559
5577;5651
2210;2993
1025;4737
5541;449
6647;8907
628;61
41;241
4637;3697
9784;8822
1747;9842
8618;3476
9996;2697
9074;1268
1134;3278
6966;5418
4282;6298
864;1563
537;4804
5932;5755
8540;8868
3855;9073
8963;5203
6107;5393
1471;1571
1084;7498
2316;5992
5971;7947
6066;597
4860;1736
4270;3175
3930;1726
8255;1350
1491;6726
6820;5582
1090;2111
9814;7148
9081;759
4938;6497
7589;11
6098;9522
5341;4011
46;1974
9570;9211
7411;7220
1585;3650
4447;5716
4087;6182
424;4841
9540;635
2685;6945
6829;7174
3600;3561
1907;2459
3602;3587
3144;2736
2003;8908
4548;1564
6752;9462
7570;6307
87;4913
5195;8322
6215;7941
38;5356
7168;6571
6129;7450
5165;8163
9974;7645
3051;7499
9933;6051
1871;9564
2939;3411
2813;3695
3352;3875
8933;4296
9955;5833
8631;4740
5155;8757
3752;2022
563;7005
4764;7831
2589;1036
5210;3507
6010;9947
4249;3451
7612;7369
5203;3594
2261;2146
7780;9592
5566;8122
8986;3744
2016;4330
4332;274
8848;9767
5469;7823
985;7377
4782;8936
5409;2949
7983;7215
6108;7812
8971;1014
6166;3070
9839;3887
8806;4176
9853;2091
3305;5195
5438;377
5966;2152
3115;6306
6534;9378
3615;6055
6407;1160
6994;8508
6956;3589
4772;3309
8126;6622
7959;2475
3541;2703
3656;2689
4789;8685
1451;318
1731;6335
7023;1440
1772;2776
5569;9510
8495;4553
9317;4996
3525;972
2856;6250
3230;7755
4734;4106
3528;4026
4638;2535
5548;1703
7423;3258
5905;1828
3469;231
6515;6083
9023;1486
7600;7979
5218;1194
6506;9968
154;2349
7075;7684
5939;2897
5086;7482
3885;9339
475;6242
813;1171
4300;4006
8931;9792
3839;3996
5173;6852
3506;2569
6590;1021
4214;5501
3189;3330
1833;1593
1802;5703
562;9229
7662;6468
7749;4036
6764;2889
4000;7102
3246;4004
9679;7673
8482;1320
6102;892
1580;5565
8116;6570
5709;2576
3749;5906
802;1304
9801;1052
3606;3284
5265;1740
4504;9347
4388;4436
922;6489
1559;9153
6439;291
9477;5138
4259;7268
6992;3216
43;7171
1162;2438
5337;1990
6099;1094
5920;5058
9724;6987
969;7251
6291;1405
3512;4174
410;6598
8398;3778
9641;9882
5893;9907
9005;3817
8863;9307
5107;5994
8762;8601
7620;8210
4774;8450
6607;1401
3617;7426
4928;7254
4107;292
5344;7639
8477;3346
4840;9395
1200;2390
6009;594
2597;103
8786;2953
363;5255
5659;7427
5115;2678
7908;896
7848;4331
4606;9047
4882;5274
9029;8997
1156;966
6628;6059
7542;6366
6797;6040
3206;9199
774;2914
3337;2894
5015;237
586;6664
6250;499
9603;3616
8075;1552
7131;1071
3635;5239
1225;5824
159;2437
557;6612
3680;7709
3571;9013
8068;7916
8765;1229
5433;6277
5635;2826
5432;4062
9133;2854
6951;6650
6608;1959
5046;4114
3150;5131
428;1982
7451;1023
9424;3597
268;2668
9180;2061
4041;7509
9761;9673
1413;2965
6424;2553
1147;9678
6221;727
9824;9494
8059;9545
6640;8461
3829;7735
7365;6692
1721;6952
182;9996
4425;3918
8231;2102
3108;1328
7946;9696
6886;1054
2064;7044
6724;1317
6604;7760
3323;1399
3712;9204
2337;31
1456;4133
1433;7462
2847;197
1112;902
5261;3751
9516;9144
6076;1636
9706;6201
7998;8745
1100;1308
3090;6185
5117;5963
5338;3847
8371;475
1518;4425
2886;8847
5859;4825
9593;1333
9293;7433
5804;5110
5568;860
412;3591
8214;4758
1362;1262
4117;7481
7756;7186
5840;8966
3699;4444
5989;8352
8706;6691
9579;7486
1181;9010
6584;4143
8475;205
6514;4871
2056;1436
5846;5006
3014;7626
1630;9829
7020;8247
2706;1292
4844;5063
7242;7480
5812;864
912;8652
3264;6450
8550;3851
1361;4
5498;7144
7574;5549
1457;7471
3988;6771
6676;5479
4024;2901
9513;4895
4331;2658
7598;2679
4720;2190
9967;8808
9701;1875
1826;5338
9449;4109
4926;4379
1848;5128
4325;6713
8195;7403
3547;6478
4931;2072
8957;3864
1438;1339
4925;5292
8586;9700
5763;9020
9009;4275
7444;4502
3398;7067
7669;734
1729;2036
8316;3844
9233;8519
4794;9531
7321;605
2145;3114
7538;4383
1640;7762
7243;6867
4083;3376
5527;9854
7442;4459
8438;500
3991;88
5333;4085
192;9754
7659;7238
3735;2635
9001;5961
6769;733
8793;9859
5955;4865
1368;5478
91;9393
6025;3252
3737;9175
5627;7443
7818;5146
7053;3318
8944;7310
4921;2206
2263;3152
1383;1273
8755;3353
5280;8834
1649;645
999;9552
686;5178
7523;1889
9497;3452
472;96
421;5705
7257;3009
4666;4656
8202;4079
5134;1758
8016;9578
7465;7693
8343;6908
3249;7367
3667;3004
4354;7050
7621;4095
7342;6379
1038;3244
5643;2448
5027;2598
7351;1136
3556;2176
2987;9443
909;3631
1132;3177
8649;2571
6907;9018
4998;761
417;9290
2729;7155
2465;5117
6138;8053
1780;7120
4799;1429
6270;6233
876;9809
6111;2646
6381;6205
626;8892
3755;1159
7454;7204
8525;1152
4872;1945
2068;7809
8137;9960
5490;4413
6476;4047
3194;7783
8683;49
812;577
2508;5687
3984;3809
6571;3802
4118;5127
9745;6851
5022;8379
1030;7751
6336;5341
1414;2362
744;129
8479;7185
7697;7525
2561;9624
8033;4812
6583;1967
5575;6168
3039;1291
7482;5938
3401;9363
8595;6064
9354;4039
4446;1840
1335;2617
2164;7097
2871;5134
3503;4966
5042;8515
6618;6126
5785;6072
3782;791
2249;9465
3730;604
8441;4287
4398;7980
6582;3250
5937;8237
7159;4985
2716;9226
7730;8487
817;1417
4476;5766
4036;8191
682;3041
438;9636
9094;1319
5367;4785
6743;1985
1976;3716
3111;914
8759;3981
8317;1999
2310;6925
6790;3841
9880;5273
3501;4872
8472;438
7211;8884
4357;6515
9518;9250
7457;8489
1856;1297
3258;9298
7703;6843
1315;6942
4726;3172
5560;7878
6568;986
3013;7230
8212;880
952;6136
8175;9159
1963;918
9174;4676
4731;2210
7486;4315
4816;1876
6839;358
7685;7096
1217;441
9905;643
9562;4612
5493;6372
8497;1591
8998;5423
6906;4024
4607;9119
765;7742
270;5959
6043;9943
5584;8254
4864;9243
9008;5575
2798;3976
9127;3488
3919;5215
7099;4815
1189;3582
9190;1413
2970;9642
2517;4030
5175;1810
3700;7411
2382;9900
2976;100
5567;3071
844;8416
9591;7237
3882;2963
6602;8635
8296;3574
5122;8138
3591;4669
5133;1873
5380;2231
9981;5125
7593;2195
6526;251
5653;9954
5610;618
8349;3201
5285;959
6872;6666
1007;288
3496;8674
9290;3798
3832;1893
7058;7405
1786;3067
9083;3442
7928;364
2092;9319
9091;4659
5953;4870
1472;422
5987;8565
473;3777
3756;162
5553;8904
4762;6803
9242;3611
2157;9056
9944;8785
3455;1582
1173;2786
2444;4313
6023;7799
7206;9367
7874;4850
1207;7246
5713;7202
6169;495
5205;4282
860;1161
3866;3010
8379;8939
5871;3280
2684;3926
60;563
8857;5101
78;167
5127;7090
3511;2916
7839;5680
5502;2360
5776;8212
1120;4426
8234;2351
9340;1488
6545;6321
9712;3320
4111;8300
4233;1640
6541;5112
7449;6139
2888;1948
3;488
5526;3457
9918;3932
3000;7860
890;2788
7137;5390
8044;724
4542;6734
1949;6786
5983;3222
794;8600
4686;8975
721;8998
769;7322
6837;8062
8910;8119
8474;530
6114;9268
5897;8197
446;165
188;1694
7896;1574
4740;94
2165;2837
2229;7723
6353;502
4591;1770
9033;7134
7702;975
5858;5010
8271;2784
818;5548
5877;2517
4427;5021
2400;8440
9586;2031
7025;5402
1233;2610
5328;7188
525;8228
8688;5905
2879;1334
8993;7887
8628;7564
6344;7843
8823;7071
2086;1106
441;3248
8039;6173
6814;3144
8669;7193
729;2371
9372;1181
6196;6012
3859;8503
1214;3333
8128;890
9375;9886
9011;8944
5441;4527
4741;7949
406;7647
5684;8374
6595;533
5628;3422
5688;1532
6937;1909
7237;9588
8600;757
7239;9507
5125;1251
3563;4862
9750;6154
5399;8715
1113;1861
9408;8551
6862;5767
7011;4094
8644;1394
7624;4664
9331;1667
7871;750
1020;3465
5570;9751
6838;3392
3657;4165
2254;1015
9476;7927
7608;9515
9421;3874
741;7590
9320;3137
4513;1237
8476;6305
9682;5267
2887;5622
886;956
6941;1613
5522;6770
6936;5730
6267;3001
6358;5482
1073;5116
7689;3035
24;17
1428;1629
289;8914
9158;1307
5436;8764
6046;9373
2302;7719
883;4435
7509;6005
6718;9563
486;4147
3733;9944
6050;4495
1057;1183
2271;6898
3952;4591
8938;2147
6180;8676
3787;5862
6016;5369
2570;1027
6637;698
1282;9618
8305;4539
1055;4430
6843;257
9140;5573
9771;6747
2088;9843
5996;4161
4309;2092
7360;1977
1573;5580
6206;515
1836;3690
2689;7242
3644;9459
929;5081
5681;5345
1553;266
6960;6230
4858;6853
369;9643
7990;1464
3364;6556
1322;8906
5749;3828
9349;3678
8950;7029
4307;4492
1001;6131
5440;4608
5660;7320
2757;1771
5689;3174
4803;6964
4121;503
3929;6087
7375;8956
9250;7727
9859;7209
272;8926
6827;5176
2466;9695
4084;6137
8840;5075
749;4596
5779;1744
171;3019
2679;4475
9739;8521
3231;6838
7785;5631
4386;673
513;8156
5224;2810
4046;5053
2289;3171
9110;2083
580;4938
3059;9637
4078;6855
9391;9587
8092;6351
493;8083
4236;9660
5201;8646
2777;3855
8696;6646
5482;6094
8929;8893
3956;581
5483;9804
5867;5004
1008;5879
5403;2838
514;9400
3987;610
9968;2595
8282;3196
4784;714
7280;1846
6972;606
3100;7904
1054;7633
5935;949
4064;6608
3801;6890
8895;1579
6246;3813
1791;4358
6201;4089
3766;3586
8937;1459
7420;3983
1644;5013
5961;7597
5364;4172
3983;6474
8885;68
5915;480
6663;6297
747;1882
5735;9385
8196;4867
888;2330
1969;5149
497;2086
3674;8394
2098;5555
9157;5562
3289;3799
1059;1747
8758;7798
3665;1742
8456;7997
165;7515
9324;43
9193;9839
9249;7893
8686;7319
5010;1124
160;5598
2054;38
344;2607
1645;1168
3704;3389
341;5048
3044;1024
9366;6916
2046;3062
3225;8088
4247;6429
8046;1139
4946;2726
330;2059
6298;3942
6110;5443
4987;9306
6200;4628
8837;7292
2912;22
8051;4022
555;5547
4076;5850
7511;646
8367;5481
422;3322
3281;782
6026;6203
6241;1797
2433;4511
5658;7994
5193;4405
1650;461
3185;6623
5016;4365
6999;7946
488;4537
3083;5652
15;7539
7543;5261
2770;2100
9100;8207
8756;936
757;8198
6316;1569
8549;1852
1047;1115
673;6727
6748;867
6301;4508
8605;9698
7009;4144
2869;7445
1511;1794
665;8137
2752;7585
6289;5049
3436;9765
4359;9482
5365;1966
3957;6679
8841;6467
9787;2455
4518;5291
6191;79
2396;4767
9380;5731
6509;9205
1926;9297
4297;6599
7736;4077
324;7406
6089;2282
6290;191
4923;1067
643;7262
5907;7355
6756;6309
7441;7631
6457;5265
9240;4431
656;4987
3562;7131
8364;8637
7541;8386
1753;9449
4583;3460
2393;8624
2245;5934
180;3219
4133;5222
6055;9358
7809;9044
338;7679
440;2824
1555;8428
278;2075
8265;4961
9653;3183
6716;4736
2197;8037
2014;6435
6211;5232
5091;9582
4345;2693
306;8222
5909;4790
7078;4579
1093;1602
2695;845
1311;5484
6464;7371
8684;6686
4576;8014
9949;8548
2639;7311
3019;6241
6033;5663
6947;5753
7129;3229
4749;3933
547;4715
6892;5281
1936;6963
8675;1537
58;5539
483;9730
5784;4119
9811;6658
5322;5438
2968;4771
3661;1812
2380;2372
9874;5487
1041;4285
1911;9021
3530;3814
694;814
4193;5924
5054;6239
1725;6078
9966;7333
8866;7770
5105;5407
8427;2890
9082;895
8362;9806
7497;4741
300;6846
3042;7500
5963;4162
4072;2433
6385;2408
595;1007
247;8622
9491;3398
6303;5786
1235;6785
1049;4990
2199;3006
3336;2400
1751;9933
5039;2052
6357;2924
772;3058
1771;2366
3751;8447
966;4532
116;5552
9877;1842
6558;8575
8107;3026
3477;6970
2066;7019
6703;2189
1410;4620
9892;186
8171;2700
108;9744
7193;6789
8451;1256
5199;9942
2959;4402
5486;1058
329;5196
37;7314
9495;719
845;7045
2293;9149
4704;171
8693;4257
5424;5854
900;1718
2635;9345
6577;8909
1550;4399
8275;9601
6552;5090
3041;2032
755;2411
6365;3065
2753;8693
335;3105
7944;2049
7692;7729
2047;9399
4532;2315
5216;8438
3072;9310
9914;2715
328;4371
4192;5936
352;7414
1916;2377
1992;2629
1688;7064
9012;9860
6808;4021
97;5364
2866;8649
4400;3393
4602;8973
2383;3047
1570;1700
2447;6029
2493;3957
9504;2625
3923;8744
1862;656
6237;7316
6205;2249
3390;6725
3314;4274
6805;7699
6440;8018
7525;5411
9805;3470
5789;8817
3633;4797
4708;5459
5481;3212
6783;9196
4374;6091
1683;4678
8492;8275
9850;8891
2110;6163
9429;6031
4225;1331
9988;7917
5082;1561
5445;984
4022;4911
2783;5186
1648;6116
8797;6642
136;9197
7296;7863
4738;289
1958;3608
8592;8443
2421;2219
6130;1119
3166;5898
7273;5821
9666;4624
6095;6170
8179;9925
1448;9402
3291;6979
6288;1463
3660;920
3985;3444
6081;5880
2051;4487
5758;1253
7456;8953
9346;765
9062;8089
2787;8411
9469;1790
5892;1133
2025;7468
7637;6999
7894;1995
6976;5249
1416;7853
5656;2388
7705;9030
9840;5544
9882;7283
1954;1360
9468;1076
6669;1221
7979;8385
2876;522
9045;7745
3470;9224
1295;2950
2745;8710
5914;77
9404;7157
4892;26
4489;1506
8415;8264
5103;279
70;7601
7865;8157
551;6361
2241;1451
9959;7930
2327;6095
5707;8246
8186;6505
6329;6977
7800;460
7033;258
6860;6707
9243;7239
5156;5683
8544;5494
606;5606
5626;2409
4535;1090
8637;6337
3690;5588
3271;6385
6688;7488
7488;9187
7143;6413
1568;8872
402;8638
9952;5523
1684;5003
2860;5847
3257;6978
1077;8898
3065;7452
8097;9781
5606;6152
534;1149
7830;342
6;691
924;6528
6503;5417
3149;1867
6045;2710
1208;6192
5768;3349
3876;7811
9122;9112
2324;1968
2974;1447
8094;1498
9462;7561
8543;6389
1625;9816
5422;7434
5561;1305
3860;60
6220;5603
2714;2073
337;8158
2166;2846
9344;1435
5637;8460
8721;412
9318;6411
6427;7851
5925;9037
2994;3522
6536;443
6132;3908
6278;3612
174;1349
434;8451
5686;8123
2387;2573
6903;1441
4052;8173
7042;8990
1612;481
2660;21
4620;5009
7048;7624
2422;3479
465;3040
7288;9974
9531;7000
6887;3214
9172;2121
2118;6257
7684;5035
8127;6113
8346;411
1801;3920
7007;1059
301;1595
8056;6746
9171;5034
5995;1430
2553;6976
870;1150
2303;4479
2143;3811
1666;3748
6222;2800
3145;5744
5458;8576
1287;8628
2833;1712
819;9573
542;5987
8976;7945
7174;5507
1142;2990
2960;1432
2159;3260
700;8598
1543;3909
9598;7441
4750;5139
314;7474
1062;8752
9159;9025
9855;5978
8746;215
4251;2267
6153;6286
6064;3024
3977;8179
88;4001
2732;9929
8913;8320
3277;3702
6218;6540
3793;8128
5864;7467
8417;6268
460;6864
1642;6056
9565;5300
9195;8648
9202;5635
4003;185
763;3263
7356;5037
8300;8309
3570;8271
5004;1680
3123;4806
5824;4665
7363;6482
2530;1894
4805;8192
8521;2203
7607;5578
4276;6544
1967;2328
4381;8836
1815;9136
4152;3543
773;5173
3435;3578
6376;6431
5973;7228
2889;2415
3769;4368
3132;2876
1525;6341
9402;3135
6266;2626
3248;5268
2419;2447
4227;9823
2370;4345
21;1719
124;3014
6436;478
150;9525
1597;7605
4347;7881
7609;6655
3156;5312
5250;1570
5586;6635
7161;1911
3356;5768
5306;4706
5542;792
8709;7991
1418;1389
3069;6460
6989;3462
2681;4341
3986;3464
9016;7056
6104;2727
2938;3842
5669;4682
5290;3830
7859;6850
211;9279
9463;3992
4222;9502
9345;4891
7533;7570
7306;437
8199;6718
3689;4928
8188;9822
8718;4566
8784;2148
2259;6888
8825;4877
4677;6856
7196;722
357;379
9845;709
963;4514
9407;6788
243;3626
7098;7964
4506;7576
7599;3094
8149;385
843;9257
4250;4126
634;4037
7013;8615
4451;436
2135;9562
1145;6806
1176;1402
2492;3022
1065;4218
4957;2058
6029;2541
4149;1957
4030;9922
8142;4727
2609;6409
3428;7299
173;3431
9690;2793
9648;9320
8001;1937
4358;7356
1304;8927
9727;6730
3610;1101
7797;5636
94;4169
4160;7963
6208;4455
6758;1217
2148;9766
1110;7294
9037;1489
1709;204
7773;6320
538;5623
8751;1151
828;2652
5714;8545
2803;3955
7285;4567
4477;2067
2941;642
6101;5431
2113;6209
487;997
3322;8276
8801;9847
4320;1559
3940;9704
4544;7816
260;5111
3518;3189
1853;4319
5687;2217
6124;8045
9868;152
3382;2286
4450;2887
59;1359
6240;381
251;58
122;6848
5782;9398
8535;8233
8012;5933
1389;7977
5923;4899
7819;505
6738;111
5267;6378
384;6165
3213;4993
9337;9623
6570;7018
8624;2424
7539;9295
4120;6821
8901;9388
7142;2037
9390;3089
6898;3438
679;5129
8085;2473
8767;3204
5142;7243
3434;3002
4662;5172
8447;2078
847;6210
4475;9790
4044;4458
3403;7604
246;9820
7494;7856
8960;7521
6677;4447
2659;9137
5552;1914
2917;4351
5192;1078
4993;5014
5061;3139
948;4826
7942;6422
4319;6980
1179;3095
1377;1041
7317;1335
7808;7775
1761;717
5593;9796
2784;8392
9870;6529
2620;3789
8552;7392
4011;7720
6879;2881
9675;4829
9832;774
4569;8388
3350;2731
429;6193
2358;2196
5780;3783
2764;4227
3301;1361
8442;9069
4485;4962
449;7431
4019;9513
1659;5640
9207;7902
5701;7305
3280;4696
6304;2298
3306;2116
8936;413
13;6607
2761;2379
461;3226
9347;4791
198;5585
7892;7905
1024;6859
9584;3733
7537;9831
7647;6225
6895;5095
9387;8081
790;809
2082;5844
6100;8366
1534;6872
3867;7512
9144;2320
5573;9278
1517;4574
5258;2808
5882;5389
6334;4363
5358;6600
5823;8730
4378;6967
8541;1479
9748;393
7267;4477
3343;707
4611;9958
2526;5960
7179;1185
3093;5214
409;9771
505;4271
9926;4394
8176;9948
2583;4289
3560;2747
8500;1100
3588;3734
4656;2734
2762;1173
6080;4231
3945;2543
7246;9189
9188;6936
7424;1258
752;5254
5594;5395
1876;7296
8583;6481
8342;4281
2867;2170
4100;5568
1259;4090
6666;484
6543;5965
140;3314
6431;6267
5761;9035
5106;5800
4867;3848
4151;6206
7628;5613
1809;6871
4105;262
1548;6756
4037;4328
3515;3614
1607;5709
9906;4396
7691;4519
8533;5098
827;8572
6054;1022
5959;7076
5841;6453
6093;6774
7849;496
6167;1601
6158;7401
9232;588
237;1408
233;841
9379;332
6665;2809
9888;7329
9507;6857
6157;3427
5417;2946
7079;1710
4377;5456
2555;6101
8246;2399
3616;6391
1167;8958
2934;9691
197;6613
7336;9079
1278;9264
2724;3606
946;3879
4663;1303
1137;3475
9788;8127
471;7535
9431;1824
6274;9097
5200;2918
3475;6300
2836;8796
1773;1298
4530;1367
8166;5968
6502;7655
8480;3826
8470;1216
7319;5343
1329;9919
965;8523
2972;1814
2919;4443
2336;4945
1381;9409
9418;8531
6030;1446
2274;440
6426;4333
158;4565
1723;6098
8653;1730
5026;2446
9064;1492
4671;102
1010;3113
4473;6166
9270;7924
8463;3945
4876;9931
4263;5336
7059;3182
2936;7603
3824;3206
4274;674
5957;8933
778;8482
8530;877
5276;7407
2353;9967
8096;1452
2774;8425
8124;6741
2038;7137
9445;5866
4922;9957
5770;6668
4881;8885
9369;8358
8437;8797
9028;283
3487;6415
3754;1649
9367;1554
1844;3937
2115;2183
9329;1122
9386;1215
2875;5189
8984;9803
3089;3098
9168;5751
2149;6995
1032;7021
2024;871
1227;776
3239;2717
72;2071
5412;6434
5148;6332
1840;5029
3587;9174
9878;7300
9046;8870
8862;2503
1159;296
4580;1300
1861;7382
5933;2274
7951;5224
5729;8291
6685;9457
4968;4814
6234;67
8894;9757
2211;6905
1622;2288
3890;2008
9915;2586
7148;4352
7801;4100
9175;5190
153;2796
6615;4679
3444;6998
2654;5420
8210;120
5169;3288
8164;2168
3861;5788
8593;9825
3582;2544
3333;3038
1524;4643
6109;1793
6277;6017
2818;3706
805;9309
4862;1836
4420;467
1326;2675
5453;3753
601;2968
7374;7422
6847;552
6997;2899
5233;2928
5303;4918
6231;7323
7096;9567
364;9770
9847;5859
1989;9086
8258;9953
8054;2640
9532;7451
368;9542
3800;5302
4061;9828
8712;5639
2846;2874
1537;8058
5696;33
7521;5796
5501;8732
2108;6897
8878;9036
6939;4951
8389;7580
6946;8429
1230;5119
1733;9570
2071;8687
7214;821
2789;9801
7260;7928
9275;6645
5257;4595
3880;1252
5066;2013
7304;695
5273;1902
4162;346
2484;9353
2478;2801
6952;537
5576;9835
8172;3028
4253;5352
1819;2030
3928;395
7945;4597
6866;8867
4433;6487
862;9445
676;3230
3949;6189
9592;4728
8888;5553
6782;5615
9830;3412
9002;8763
896;3609
8489;8313
2262;6401
2350;1544
2948;4778
8834;8850
891;4636
322;4933
9457;2002
9923;9302
3200;2290
6063;3687
9224;1576
4257;3966
6698;7668
404;1089
2519;3108
1924;8004
9912;7869
7026;615
1141;5957
3609;5152
7850;9344
1021;5126
2923;5537
9381;1626
1917;8030
5097;9600
1116;351
6203;8740
3176;1647
3235;942
6652;4856
258;6353
9578;4214
9273;9876
7857;5226
6242;8242
5967;6127
7121;327
2930;2490
6327;3397
3381;5023
8981;54
1975;5946
7988;7666
9932;8535
4821;5789
9289;4851
7626;8459
3862;2280
4889;612
2018;6717
7960;2608
8294;6550
7330;3736
9467;3564
8871;224
6049;2705
5969;775
4582;5283
8194;6339
3846;1668
6750;2633
1795;8351
3564;4054
6977;5826
1544;3357
4831;9200
7899;465
6207;2151
2850;8864
6319;3793
4382;6196
4145;7552
6722;3621
355;3750
3976;3656
8268;7800
6612;284
6870;1428
6070;7653
2961;5007
3124;8253
668;4802
5652;9910
5032;2782
130;8684
6674;7910
1685;1148
3630;1410
7224;7248
2861;6038
2374;3654
5461;5741
7744;5290
7173;2261
1098;3308
8678;9098
9471;6557
9520;7404
4004;4652
4375;8098
771;2642
7660;5835
6378;9873
5572;6220
6880;2042
6475;9141
5287;7982
379;8920
4692;4863
3001;3297
7641;4613
308;8698
1164;7767
6255;7013
1339;4792
6532;1485
9954;9605
9234;999
6038;8204
3265;5245
3146;2487
333;9639
9743;7288
6173;9709
9919;3016
2943;3117
1569;9305
6161;8372
7619;255
4338;6593
1881;4427
9852;8581
3007;8810
8676;7055
4175;9641
2432;4560
4001;3324
6954;4952
220;3368
2487;6868
8659;8284
3386;367
2151;6799
5839;5586
6035;1437
5078;4562
2328;9879
6254;3498
9671;652
2680;8369
7815;3501
5282;773
236;222
342;4873
6453;2044
315;8310
4581;7616
653;1018
4498;5632
8262;2079
8269;5873
228;8612
2512;6363
1042;1271
1880;7973
8193;2460
4082;48
3903;7787
4135;4461
8498;6367
5271;6301
4689;3684
7128;9964
4684;929
2294;235
742;3083
565;1472
9448;8606
4467;2538
2799;5986
6279;9324
8211;9537
6714;2172
199;8816
259;4924
239;7419
503;7053
1023;3166
8656;9755
7835;5094
2376;2421
9321;3605
7929;6705
1308;2562
8007;1862
4744;8330
9999;4795
6259;2662
2719;7879
4751;7463
7300;5973
2412;1039
6074;9003
9415;7435
3728;8938
5407;3818
4182;958
2918;9403
7699;194
4283;6090
955;7967
5598;1943
7726;2466
8306;9198
1256;3779
4217;5495
249;2913
8898;663
6032;4230
9638;8412
873;315
1484;359
5921;1476
4423;3161
8576;3453
7973;784
6472;2202
7918;107
3535;8704
63;3903
4624;6654
3139;5871
6867;9212
2275;9670
4603;2762
7100;6464
3544;3794
1439;8707
5475;7297
2406;3740
7805;5770
9003;9995
7484;4083
5473;5993
5752;145
6749;5812
7187;8080
766;9725
8515;9389
3062;6609
6660;3834
3023;2802
7925;492
6446;4454
2898;6992
2049;9158
2322;1711
9804;4896
6653;9934
1255;7981
6963;3557
3795;7448
6402;8759
2568;1107
4424;6657
5277;9908
9238;3525
8558;3968
7259;1708
8974;8195
7770;2381
1687;319
1546;9032
8111;3520
2812;4158
7309;1868
9437;5200
2076;7017
9990;5210
7853;7650
3357;7449
9669;1962
5990;1282
6185;4671
856;6070
8611;5185
9945;9048
2634;6183
6418;1172
6494;8915
4180;5780
2899;613
8167;2153
5944;6226
4954;5638
8785;8126
5089;2684
7367;7330
6075;3020
4786;5720
92;9667
6825;5706
9551;9756
1796;7614
9222;5071
5912;8706
5023;7086
5396;280
8845;6369
874;2884
8060;7970
3604;9530
164;6592
7614;1482
5385;7934
9951;630
6889;6004
77;9468
1581;9186
1519;7972
507;9824
8050;1110
485;8931
9776;3600
5304;2670
1056;9118
526;8774
6891;1763
5262;9626
6853;7913
74;3571
8983;9951
5349;6273
351;2452
8078;7469
4147;6632
9940;2893
8130;5410
5638;9939
4129;182
9964;6931
7067;293
6786;8331
3513;767
9075;4196
4572;1733
4432;1166
4179;3906
4932;1495
6734;6440
287;4754
1281;5665
2823;2888
1277;6439
3912;758
3143;2312
8200;7641
152;112
6978;2519
7030;1658
840;8618
1459;4605
1280;1135
9755;3938
7721;5795
4062;6732
7812;6991
2608;7722
3938;329
7340;9593
2815;5532
8216;5813
9015;1236
1676;5851
1393;1244
5951;9017
2131;9630
195;6614
2543;3390
1651;97
5644;5432
44;8697
745;6289
9864;3923
376;2277
4329;4935
5327;8825
343;928
7433;8491
178;2445
1508;5092
6416;9484
244;6563
7462;6315
3937;2600
6680;7455
8961;9392
2527;3181
1031;8118
8201;380
2022;2752
2424;3602
908;5122
3997;8529
970;2842
480;5785
2778;1117
1919;4936
7111;7937
6971;4950
3847;4717
3484;5897
5733;1031
3468;2524
7077;9941
4866;4301
3171;1907
5544;8417
8700;5136
7108;8409
5332;7870
4924;4245
9809;4422
6816;585
5641;7791
3450;3791
3174;6134
9322;4661
8799;1542
1737;5141
7270;6530
8003;6302
3097;9260
103;9164
7044;9315
5947;4504
2026;1816
5292;5769
2507;5739
9668;6641
5237;7872
6554;5563
6576;6145
2607;549
2751;9963
5563;92
4897;9844
2582;8851
2804;1905
1678;6644
4714;8001
4310;2704
5853;8150
9971;3994
4122;6228
6039;9856
9946;6025
4945;3944
2222;7939
9898;884
6251;5502
5457;6782
2218;6962
7549;8718
9409;8231
4713;7557
2502;4529
3408;3056
7158;4521
9130;6343
4224;2775
5826;6495
7402;8226
2658;6720
5398;9753
3128;2200
9700;9983
2877;256
2333;5437
4771;303
9478;8393
2545;7194
4085;2224
2979;3771
9684;1798
7018;122
2413;9255
5619;4318
6481;1679
4478;7289
6284;5350
3096;8097
1234;1808
1990;3670
5060;957
31;3521
3366;1375
789;8964
1171;4958
1394;4720
8849;8742
6911;326
4519;9627
9715;9662
9239;3384
413;56
2688;7159
395;7594
6549;9043
4028;2450
3936;827
7791;5846
2511;4919
3211;3756
7395;9523
9837;8963
6991;4419
7715;8596
1598;3337
8946;9083
8772;7882
117;9156
993;9489
2123;6835
1814;1269
1624;6253
552;1265
8110;151
8238;2109
5519;5362
7381;1965
2868;5570
8581;2357
3243;1877
1872;4034
5900;5777
7947;7522
7437;2536
623;2987
8736;8091
3099;4041
7579;2857
4850;3512
8741;3931
1523;8841
2053;7606
9223;8408
1139;5150
1857;5899
9057;2716
1444;4781
2239;4764
8432;6470
4261;4711
3371;7523
2576;872
9806;4237
2141;8971
4406;3517
1216;6214
8341;8932
8980;3911
4353;6784
9594;3823
499;1871
4199;5317
1769;7586
6878;8827
9737;3356
8819;2811
9484;45
49;211
3102;1958
2228;2725
3202;9102
2840;7942
1351;5677
3437;4929
2209;8558
6916;9554
3209;2944
6217;7317
8253;3034
6863;1767
8844;5618
9536;4542
9216;4223
8112;7485
4605;4861
7103;5275
8780;5765
5307;9272
9879;8696
2483;9606
3718;1204
3461;6673
3445;3343
931;2229
6873;7749
281;4721
86;472
8951;6926
5868;8507
1866;2575
1807;6596
1806;9901
8162;8735
408;7747
3875;5903
11;4831
7377;8862
3836;7892
8865;7958
8661;446
3316;7472
8276;4830
7056;6985
6813;5967
5904;5510
1702;4773
8522;3186
6468;4096
783;825
3915;3739
7125;9694
4810;576
8406;7164
2152;3423
5945;8026
3259;4578
522;4304
602;7506
8769;6333
6650;9921
4668;2492
7803;8657
8646;575
5972;4127
5685;5605
2192;341
9357;3018
7672;6805
4005;2248
5241;8584
2822;5233
9373;3897
4715;8182
5719;4734
6347;8478
8403;8853
362;7444
9617;4417
7636;4464
8298;1427
6375;8219
758;813
3466;2456
2334;8334
2216;3767
9900;4195
4189;1677
325;1421
1715;1189
6519;8643
2402;1751
968;4302
6544;453
7188;4290
4910;4843
1996;3339
1417;5692
9609;5984
7587;81
9642;1042
6438;5754
7331;5694
7163;1088
7903;4483
9998;4325
7907;1140
2580;272
2710;6546
8554;5914
256;5425
792;9228
722;57
8702;6993
7996;7646
7670;6959
1614;184
2835;9126
6403;1363
7070;485
3900;8255
5456;2187
8900;6715
4161;3959
6235;9658
6152;7996
5888;5870
4651;4000
7127;3483
3388;2521
6390;4932
4469;4707
8158;835
664;2123
7958;3709
9731;6986
5297;4753
8764;1011
973;8248
8814;1177
2594;3404
9782;1442
3424;469
9411;7740
6337;2252
1557;4002
1499;1580
5808;7850
257;2386
5381;4747
2937;3087
8574;4930
5077;2173
7446;8016
703;3575
4262;234
5223;8929
4682;2814
8428;3328
1044;4947
4531;3101
5516;6572
2112;7628
1638;4019
1506;1323
5034;6076
6795;6833
1545;2903
4471;4599
1237;1141
4040;8589
1966;9849
6202;4518
2996;3132
4896;5225
323;6865
9758;2137
800;5447
7658;3761
4725;1577
3449;9247
3391;8824
7435;9551
6147;3150
7901;2426
2033;334
3524;9584
2373;9687
7401;9356
6957;4084
7995;9955
6620;1535
16;1830
8679;63
1939;2749
4459;600
4418;5221
3147;1796
1501;1623
3269;7634
5943;6111
4643;9764
6824;8802
4597;1610
7646;8782
1563;6463
4561;2167
3629;670
9423;5645
2365;6449
205;5715
5809;447
5985;1415
710;1267
8436;5911
120;2592
5215;1628
7298;8793
7512;4445
6542;2597
4198;952
5838;7117
9903;4310
9213;5370
2287;3262
6313;778
575;5496
4176;338
7862;2396
1837;236
3814;188
1504;9105
7312;5869
4980;4194
2535;5489
7622;9472
9030;826
332;8218
7602;2750
9863;1857
2242;6972
6389;6862
8392;2649
1705;9322
8132;2860
7162;1518
6286;4453
1261;2989
3543;7563
8909;1954
9162;2432
9058;2883
3321;6132
1576;6706
3113;6124
4568;7954
9412;7933
1051;1801
8622;6772
2194;3872
4079;9524
4303;9108
25;9219
2619;5661
3063;2325
2065;340
9876;2714
430;6088
8728;686
6410;6387
3715;2053
4124;2140
9333;9555
6614;1978
3761;4108
6990;6231
5485;7149
6800;7572
582;7219
621;9758
8831;6920
5228;7256
1441;6365
1117;5123
4971;7280
7953;8427
9634;403
6617;6138
8230;2830
5370;7027
2503;2513
4589;7265
9025;5324
1250;4370
2944;1345
1654;7864
501;3907
3732;9729
7040;1004
2759;3433
7784;5630
9048;7130
6328;8832
1787;9418
3020;4658
7760;253
1119;4250
9235;208
9392;6104
3611;9598
5499;8522
3599;5584
3818;2564
4212;3812
3033;5485
2755;8167
4679;3450
1215;2374
2980;2791
6474;6750
6510;8286
4595;3237
6953;5981
5467;756
6447;3870
9947;6860
3545;1529
6065;8418
4711;7884
1475;1179
7295;5771
5704;2382
3478;9195
6352;6412
5879;6432
7249;2839
3004;2068
6869;6427
4403;3327
3711;8917
662;3667
1599;8337
5847;4354
659;3370
1507;5405
5181;4007
8609;982
9631;568
9608;7197
1864;2260
3666;3912
1800;8033
3061;4668
5764;8164
4497;9797
1820;7088
1959;1695
7663;420
3967;455
1483;6499
7750;9985
6850;4672
3218;2419
5930;7453
5352;6426
3684;1072
8835;9304
390;8087
83;8666
3288;3394
3121;7619
4617;3661
5479;5198
5386;8046
3933;5624
9931;7659
6700;8216
7863;8610
8180;2016
2417;8993
1046;2317
9053;12
1321;7062
3195;9125
6704;6526
5476;834
1621;4699
4344;9961
2206;7508
326;930
8507;1904
6149;2787
1076;7804
7673;1370
1664;7176
9807;5306
6794;7690
9341;3044
4722;666
7485;8738
6773;7253
8191;2356
2828;5448
7719;85
64;5191
5434;7216
889;7326
1206;5901
1882;8709
8152;9836
8641;8421
3653;2602
6182;5022
1403;275
8015;9067
5075;8035
7369;5293
9285;8900
6563;156
6894;6695
2742;8499
4482;3484
8315;1988
6004;8319
1050;5909
6964;8129
681;302
8057;2451
6350;5451
1618;146
3380;3245
1376;7890
8251;4222
7547;5843
89;4809
9674;8304
4090;4488
5045;7041
8066;9788
9736;788
6931;6656
3028;2436
4369;6826
8884;354
7348;7205
5161;6779
777;4097
3045;3352
3459;6303
6084;175
9435;1457
7481;2616
6233;1420
5309;3542
1656;7156
6072;331
9473;7847
7230;5521
373;176
10;8828
7190;8280
5302;595
186;2873
3850;5592
6856;9218
4348;6825
9904;3671
9841;1531
2369;7505
5850;4249
1199;3395
6523;3666
9486;6447
8423;196
8924;7068
4516;1513
2737;7031
2978;6652
3017;4688
1974;1675
6763;5515
4667;8641
8023;4859
8775;4277
8120;2923
106;1212
1703;2745
6214;3110
7550;5060
3268;7033
9537;4647
1245;7178
1788;2064
3627;4705
8790;5093
5946;7226
4814;2851
2085;876
6342;6610
2286;5148
7972;1376
8952;2158
3429;3003
7400;4653
556;4953
1822;5690
615;7496
5083;1461
2188;8277
6069;2849
8685;3156
4550;8670
1082;6778
7566;5159
3073;401
8782;2934
633;8518
8740;8010
1435;6502
4907;3158
3187;9103
2953;2271
982;8057
7711;3699
6139;6990
8241;4540
8184;7103
4010;1900
4392;844
6430;1687
1091;4546
3521;6299
4125;6469
4533;3261
1222;2294
3489;978
5283;7417
2858;3792
8504;1444
3603;5610
8564;7060
7679;9072
4601;4229
3908;8249
9702;4308
9618;6907
4368;6293
6190;7768
7101;9986
5116;8368
8227;7212
1022;4272
1155;5775
313;1403
3523;5681
3638;1869
3095;5988
9257;5737
9241;641
6461;4061
6485;2029
4914;2345
4768;7266
2728;671
32;7065
560;7345
4721;1547
5845;8633
5270;8552
1982;6560
5324;5743
2880;5524
6148;8940
1515;5483
6493;9160
28;9534
5375;908
9214;1214
2915;2453
2006;4086
842;4500
4709;875
7716;6832
2702;7263
1272;3445
3891;4199
7264;8439
139;5169
8597;1012
3485;7058
1005;6918
3883;1033
7155;1731
5477;8989
4600;4698
3431;6903
918;9918
6192;3345
5503;8188
8074;7611
2966;3180
1052;2973
4716;4125
646;2472
1613;203
5014;545
7476;4210
4288;1260
7268;6120
3253;316
1749;7607
1774;4093
6767;4627
7379;4648
9475;5948
1363;6402
5739;3831
655;9870
2425;4820
1293;5650
5394;2209
5958;8403
2475;8994
2516;7114
8064;9000
7278;5066
1105;8299
7470;3405
1400;3538
2549;8899
8958;3298
9936;9512
1986;3304
8400;5180
815;8688
8651;3281
340;9038
7597;4735
5141;131
9995;1184
980;5469
3701;8363
8019;1006
3036;3446
2641;797
7869;2733
981;9917
3212;9654
1419;5468
6644;6097
8363;317
8421;9101
9541;419
9834;4784
2678;9998
9024;9997
8372;7070
8748;5601
617;365
7345;3100
9512;5713
7757;660
3347;5088
3138;1549
4379;5209
226;9680
8104;7678
5294;783
8382;7784
4869;9181
4464;3775
1360;9208
6490;655
2851;7943
149;4977
9061;324
1437;7034
9917;3202
9978;8441
3955;4260
9410;6149
4481;6133
6488;132
5517;8236
913;2566
8189;2866
5005;1589
4842;8263
2394;7842
7416;7424
2436;5814
7623;5154
8011;2213
9812;8650
365;7309
9848;4775
5489;5193
7221;6207
5978;3146
9994;7547
2920;8466
9886;4226
2121;4692
5131;6212
7718;6588
6959;3347
2338;1760
3647;70
953;2817
2464;6015
3738;3707
4969;5377
8766;9884
8335;5289
9066;9469
8133;4234
3443;3227
3320;8695
2726;5231
3679;3975
5524;9234
8365;5313
3601;6820
1984;1193
8975;110
6560;1210
4496;6628
7698;5808
2663;6144
1017;2365
7031;1084
5454;5885
5836;6677
8959;8027
9150;1581
2215;3126
9800;3545
6633;1567
2707;9207
187;1274
431;6875
3392;3891
7868;2574
4991;5556
3473;1474
1193;2908
4142;5747
3624;1198
3081;6580
8778;1382
206;868
2713;2599
8448;5723
4699;9602
1382;8377
5650;2178
1203;7257
8114;8809
4017;1598
3050;3478
5852;7961
6462;7393
4134;4584
29;3097
8715;5664
5787;5042
3292;3664
203;9284
807;2402
4339;4364
855;5228
9183;969
4463;2308
5359;7207
4780;1065
3874;687
9059;2999
7939;5480
196;5925
9729;9794
2848;2139
474;7774
9228;4723
7313;3075
8155;2259
9534;803
8994;5040
2366;2304
17;4244
82;2659
5830;2339
6236;5354
9601;4045
3879;4360
4728;3537
2581;4589
1432;3073
8705;1352
4266;3868
8729;9799
5756;6647
1734;9238
6272;3974
7530;9855
8115;7281
2575;4813
445;1049
2739;5517
6499;7457
9620;2526
3135;4294
9262;1823
558;7880
8077;7026
6458;233
8810;6519
1002;5201
9902;1259
9086;8387
6317;2938
7573;3209
7311;839
6690;7295
7472;3653
6491;2056
5418;8211
2440;4616
6902;8777
2296;2337
3031;2531
1035;6208
5435;34
4408;5882
7506;6723
1732;4320
6899;1586
5671;1963
893;5140
4815;8494
6014;968
6484;2947
145;8169
7922;6566
9714;6061
3015;2877
299;9014
9299;8013
5259;8101
450;9352
6723;6721
3266;4844
5842;4154
3932;607
8032;4075
5924;1057
393;8174
8719;7960
4462;4916
7654;5211
8619;3269
482;6762
2427;2113
3413;4763
4312;7153
8218;1568
2309;4113
8473;7573
7717;5551
2185;9727
4791;8866
2480;3481
3856;2142
5419;1310
1578;2316
9451;9455
6639;7837
5793;6063
3252;675
8990;4056
997;6488
3693;20
9767;8886
3058;9269
7496;8399
9020;5309
6188;3682
8852;1998
5139;2570
8847;4845
3918;7582
6745;4780
7413;1772
3870;9233
9447;7728
9662;945
2268;1234
462;1120
7431;7807
7581;3787
4948;4761
4640;1654
4903;4183
7954;5488
2975;7731
7191;1211
5310;3772
2426;1841
9211;2563
5903;9379
1257;2647
4592;9328
8833;2103
3675;5874
647;4635
3318;72
9179;2739
2524;1839
1290;7189
7775;2033
2645;4691
4933;2960
4487;394
7176;7291
6450;1573
7739;3835
2534;7163
829;3116
2234;3167
4883;8513
157;5085
7644;2528
5811;6765
4200;7125
515;4415
3101;1769
2451;5329
3709;1080
7629;8536
8643;9657
7890;3471
3994;73
2683;2919
3404;6319
5230;2604
3497;8432
7501;3493
7712;6954
4793;392
2834;9959
7057;9271
7557;7331
3950;1799
7883;3138
439;3099
9958;1755
5176;3620
6187;2834
4029;6197
128;3025
3229;6304
1811;2864
4929;7035
7212;7170
1686;9786
6297;7988
2463;2527
6323;5240
2252;5212
3792;4526
5554;4570
8970;1548
4886;5894
761;8780
1903;388
1952;3914
550;2992
3764;9318
5794;8951
2831;6906
9132;6452
9050;8260
9567;8296
6772;9529
2621;14
7305;7975
9419;3784
3943;4670
8478;2680
9308;9527
3948;8165
7293;1275
8222;1001
134;2512
4503;6370
5646;3700
9303;4098
508;5856
8809;9123
5400;1669
1180;8962
3180;3746
8387;1477
2674;6885
5616;2364
213;7116
5478;3790
7687;3973
6861;7077
3373;5939
583;2622
73;2975
1980;7526
2727;9501
2460;3977
5618;373
7632;5802
5521;6754
4680;6394
9723;2976
9692;281
5664;1944
8732;9808
8174;7769
2319;8095
2863;3982
8208;7343
8773;124
1821;4991
4350;9416
5748;8303
6249;1922
4025;5513
9309;8311
750;4476
6832;6042
5872;1245
7656;4564
2212;7706
4417;3169
5715;1650
6655;4016
9079;7438
9916;3800
9816;8267
7393;87
189;3218
7232;2313
2431;1131
6463;4769
3816;350
3951;9276
3863;2590
8734;616
914;9428
983;9710
7631;2212
8446;1390
6945;6724
7370;1366
7459;5757
5151;6448
1741;4233
9596;5403
2854;1249
1422;905
4230;573
3122;8326
6775;1642
2095;1688
3440;2425
8462;41
5751;7845
9972;9851
9310;4073
8652;4786
8620;1207
8245;5321
4584;1481
7252;2076
9298;9006
8949;3895
5731;1713
1153;4921
7041;7777
1565;5252
6670;6141
1935;4087
7569;3562
3098;1961
4285;473
906;7802
2029;747
8796;7380
3817;1156
1040;2529
6791;7818
8356;7876
2062;2045
5834;9732
7491;4306
3048;8840
4952;5477
9681;5883
935;4834
5528;2480
2129;3109
8824;4931
2921;5825
8735;8766
3777;2560
1063;8527
3504;3776
1647;1920
4615;7123
6697;7091
7943;4697
7372;9697
6537;261
9137;2537
71;1356
8491;493
7047;6169
8802;1465
2629;8750
7480;3985
9844;7466
3233;5828
3375;8003
725;2886
7310;4544
7828;704
138;7213
3495;8567
4324;390
9970;3265
5076;4719
2299;8135
6893;4392
3052;6047
9526;3580
8283;7681
8228;8285
7355;4887
5670;6638
19;5678
4436;9377
2291;8651
4479;1885
6164;9769
5755;2215
9821;9737
3201;4348
3085;863
938;7899
2614;1499
1671;1671
7447;9237
2161;6633
3223;5637
1174;5444
1532;3660
2479;935
1635;6523
7955;3381
9893;7231
1812;9833
4363;7487
3423;4472
7601;6384
4681;9875
6360;1791
4204;1348
7826;4418
3598;7732
5269;3447
4407;1069
5589;2551
6343;5308
3310;2833
2292;3416
6092;1592
4884;2548
3011;8154
1355;2907
6247;7063
6086;3052
1099;639
9112;3338
2557;135
4304;6323
9376;3728
3773;9682
7921;2719
8018;2619
1297;1013
2630;9506
202;8882
1744;6219
8378;2875
1301;9984
996;1228
1938;3924
5898;6086
1500;7562
9256;4981
6299;8344
2356;8235
2449;603
5024;6414
6165;9087
1205;4166
1762;763
8621;4440
816;5045
1070;1683
9434;2378
4856;2729
3480;1854
2420;6739
7241;2112
7081;8562
7616;8430
1531;4187
5079;4163
1561;8516
8181;1745
5416;3487
3131;3060
8088;4361
9269;2721
3237;431
4480;7432
5295;4817
4404;1693
712;8875
9389;5155
4421;9674
4834;5001
2225;6050
1510;8511
5559;672
1476;8599
1331;8681
8967;5165
1210;1322
8293;6777
377;4225
222;7685
9533;6221
9939;2773
