7192;9143
6832;7848
7378;7274
1086;5919
6994;2119
4210;3535
238;7807
9952;6456
6211;3954
758;4541
3906;5002
1706;4935
4479;5688
9148;1222
115;5104
8340;5045
3170;848
7821;5367
1684;9855
3156;7461
1910;4386
1746;2269
3731;7606
5484;6531
2563;4955
7998;678
6814;4639
2442;6889
569;2048
6623;3222
3440;6513
5280;7621
5458;1751
5124;6770
6466;1083
7977;1438
1276;4058
2009;4346
8057;6732
4145;3851
6566;9533
9244;4789
5341;9974
3613;6493
3480;651
8746;4513
6978;4175
4015;2127
6378;8647
5187;3210
8998;2250
5405;381
6661;5528
7011;9914
3858;8738
510;3997
8058;8950
3524;4272
4117;3469
2162;5629
1536;9144
1992;4015
3899;6308
6370;7106
7461;7297
276;6323
6127;9127
8268;6941
2356;8481
6022;1158
4851;9184
6041;6928
713;7350
1447;909
4830;1934
9195;5456
4055;9401
1085;6222
6015;5584
2305;1503
7574;7649
5579;4477
9751;3138
3203;5010
105;6683
2381;7749
3463;6676
1124;589
3473;496
1036;5043
1248;4151
2873;6559
6212;3093
8093;9393
4517;4687
4330;8258
2363;2258
9629;6177
3849;9747
2952;1032
8795;7630
3540;5279
772;2184
3618;4345
2359;2874
1916;5710
7986;8832
6563;6838
6289;9150
2501;5575
3566;2565
1371;850
7234;2260
1252;6785
5898;7203
4756;4404
8758;7032
4975;3549
7443;2824
7671;8856
4640;9265
1065;8297
1177;6130
7959;8368
5155;5085
8654;8193
8118;8942
9498;9928
5162;8379
9526;9936
7954;2809
6256;768
7428;4675
6773;8216
7820;7028
3841;6377
8293;3991
8852;656
1929;1376
2187;8278
3341;4356
8626;1480
8437;8690
3400;4178
1413;9793
6315;5249
704;9722
855;1979
6404;7084
7535;3088
8471;7237
258;3839
7757;1927
7497;974
6057;792
6655;82
7463;2503
2732;677
6837;6241
954;1424
3559;4785
2392;932
709;2578
5251;8650
7793;3669
6307;1399
4327;8063
7897;2418
150;9667
4297;7502
5146;1849
982;6678
9447;6397
2938;3653
3777;5902
6441;417
2461;2880
8559;3462
4998;9424
42;7143
2622;2974
6080;4158
5385;8037
7080;6501
3678;5681
361;5470
7034;2719
4672;2253
3252;9531
2797;713
4057;5480
9033;3354
6121;9858
941;4328
7027;9086
1084;8776
580;5380
6731;508
9680;4812
3014;9930
5924;744
4473;2228
3390;2175
2517;9812
9272;1473
9035;6887
7974;8933
3763;5942
7939;6440
6894;5525
1927;8210
5382;9092
3444;6514
7987;9425
3074;1612
4928;6657
3840;9536
3831;6573
9921;5445
251;1474
9133;6904
8514;5098
4417;4233
3292;8797
5952;5880
5407;5111
220;2225
981;2013
3244;1512
4123;8817
5446;3664
4273;1577
9238;6897
5753;7330
8579;1972
5572;2464
4211;6122
376;3747
6722;6491
186;5100
7877;7231
5654;2391
9194;9777
4494;6891
681;3955
4510;3386
6793;3456
5931;1326
9792;5574
4245;226
5334;1803
4655;3275
4820;1593
1325;152
5556;5714
6689;261
108;5489
9505;8246
8836;2717
2733;8174
6564;3141
7594;5057
519;5532
144;2158
4719;843
4049;7556
8165;9660
5078;8712
9171;2895
7656;8298
9594;8350
8790;9814
2040;8100
1246;5230
6828;7966
1780;1452
10000;2699
9523;9679
2522;8597
9443;6956
7663;4305
864;579
2570;2435
9762;5785
4675;8901
5947;316
8232;4820
9381;3613
6204;8124
8317;5662
128;4722
766;9352
5322;6812
9179;9727
928;5553
1773;5200
8090;1116
4096;6901
8681;6484
9268;2748
3018;1782
3727;3869
5584;1446
9409;2960
6044;7025
8843;42
7018;3740
6763;9182
6270;3906
9506;5158
1749;453
779;6963
6504;3217
574;3323
5830;4501
789;2317
3489;8560
9607;8665
2257;4481
7227;4040
6561;9497
2963;9887
6710;8753
2765;3111
4882;6984
7703;8391
350;2782
4186;9781
8545;456
8991;55
2723;9255
7970;8777
2456;6047
4802;4446
2425;6570
8787;7741
336;8941
6447;9915
3573;6079
2219;800
9062;2686
3112;8038
2875;2128
5157;9219
4114;9478
1548;2416
3189;6298
8799;9801
2731;3776
6889;6
9609;6670
6290;8376
9876;85
3501;3187
43;6005
6678;5108
2194;9826
4753;8062
6461;760
3342;3189
1007;1276
394;1432
881;3057
5283;7160
5708;9018
9219;8788
2237;2967
8637;8304
7485;3226
5174;3251
1967;5386
5543;992
1616;3828
5120;3920
3133;6207
5793;774
6652;7443
3290;1056
9321;5759
5275;1703
4673;2888
6310;64
2;2047
2455;6549
3987;3519
8745;9239
5415;295
7032;8385
2967;5068
8000;3835
1534;6555
310;1629
8072;3132
4180;6955
3673;1578
4750;3482
5800;997
5546;119
4964;4881
7073;4627
1718;4566
2907;6921
5348;7681
5418;4330
6237;3042
4262;7223
2277;6454
6255;128
8651;6878
9480;8483
4638;9527
9005;6946
1593;293
889;796
7660;2153
7949;9511
9279;5817
5186;1500
3649;5217
383;9067
5113;9825
4689;149
2753;7254
780;2218
1241;7387
7578;440
9320;5944
7600;7470
7356;7495
6128;1045
9849;1671
5845;7089
3624;4021
3497;6013
7218;9565
821;9088
9618;2441
7366;525
9432;2454
2120;5818
5914;2752
6664;4079
4941;2111
6886;5713
6313;8696
7393;3894
6362;1725
2097;8205
1063;8971
8607;2753
2019;6911
6341;9341
6007;4259
953;9160
2901;4504
6230;7932
8246;9002
9403;4334
1422;2592
4618;752
665;1844
4832;4853
1280;5139
1273;6287
6405;208
2293;3190
7770;4650
7094;4180
2816;9708
3084;1257
7036;8991
8519;6439
7828;8571
6489;1555
811;727
5189;6914
6853;3712
8409;8558
6108;3655
6326;3421
3286;5849
9545;6910
8825;7774
3766;797
8735;5979
300;4528
7845;8178
7123;7518
3449;6667
619;8410
6089;5966
7255;7113
5302;5089
8592;6443
2341;3453
232;2839
7551;565
1729;5039
7429;4407
7006;4611
1853;1397
4728;7886
4566;7766
884;6357
8319;3623
3910;3751
6406;6004
7903;5567
1483;5429
3530;1148
9204;4453
8325;8600
6312;1996
900;670
8763;5882
2433;2414
850;7081
6372;1913
4745;982
9405;884
8880;3085
6476;7672
1179;6704
6745;9364
433;7493
5880;5080
9971;332
8644;807
403;7377
7103;7000
9155;5582
8461;1315
648;1666
6097;8627
7545;8479
6017;6787
5972;3973
5308;4762
9772;7227
1906;7993
7994;7553
1112;2263
8469;1162
3190;7575
4328;7020
5588;3131
6700;8289
5452;5189
1288;3175
4120;8673
735;7541
6125;4739
422;2276
6667;4740
2059;3967
6965;6146
1262;2040
2966;1450
426;9854
2609;7128
1355;363
8625;5259
7416;6710
398;8799
8807;4417
1759;3864
4388;7015
1212;1688
7880;2660
7042;304
3534;4981
9284;7080
6629;1199
4002;1131
247;7218
2123;2005
5364;9225
348;973
9186;1542
1984;8700
666;3165
1306;6407
3635;7428
2863;4231
1214;7037
5074;4049
7427;5228
1512;4441
4455;1788
7501;9228
9606;7126
6485;6089
6386;8129
5742;4837
2407;9655
50;6129
2265;3654
8460;1356
4384;7250
3119;1943
7768;3941
7263;4781
480;2821
621;9778
3195;2230
118;2827
618;7402
5686;3406
9207;515
1108;8831
6800;6945
1633;7285
8709;235
830;2423
4927;754
3641;2843
3770;5248
9251;8407
5428;2894
9522;8821
6470;7180
3394;9911
7223;4851
2213;2017
4463;9023
2106;8958
1606;8979
4466;7136
5673;7442
2556;7286
9832;6372
5042;7327
4489;7164
1952;9799
7390;7068
2877;7426
7967;9809
3952;2203
5027;6691
2839;5326
3318;9944
2940;7615
500;1265
2347;5927
4321;4544
7288;679
4218;8121
8551;6895
5802;2567
7106;5678
2745;1035
7257;672
8731;493
8882;4003
3521;1129
5748;1527
3398;6137
1945;611
2764;7033
1255;900
4598;9483
5173;6451
32;2988
9190;7102
9919;3285
6137;2658
5085;6092
552;3010
2075;7742
1383;8214
6811;7667
9509;9620
8946;33
4995;8502
4458;791
6075;2812
7173;5674
6875;1024
7506;9152
4181;5128
2134;5026
2497;8694
8937;264
5367;2238
8593;80
5246;8008
6972;7076
9346;692
48;2429
9424;6642
4529;3757
1022;1697
8054;3452
6914;2022
57;1061
8749;3927
788;1812
1387;5505
2604;4612
2221;1088
9882;2915
1667;9951
2695;8277
3744;4617
3010;7185
6706;9313
3388;8031
1567;9509
7281;868
3774;4769
1265;5418
1825;5976
9003;5116
9895;1153
1990;4306
3591;9063
8163;9975
771;3236
9885;4664
1067;9395
4502;6844
7188;7971
2033;335
6915;4780
2840;1887
7666;6577
8243;9208
1438;8094
2607;1630
5434;8637
4410;3545
4160;1543
8102;3044
9239;536
5897;9491
3974;4949
1209;1250
8602;5850
278;6980
1320;8198
5296;2955
5538;4631
423;301
7065;790
1630;9464
6571;1719
8002;6905
3998;7768
4641;4143
4555;3224
4828;182
320;3557
9766;5020
5036;6645
8784;8730
2358;653
2533;346
1806;8382
2906;5753
9586;1494
134;9897
8088;3810
1558;112
5043;2019
7870;8329
4402;8779
7297;158
8112;9121
4797;943
5628;1018
1974;8940
388;6884
6138;7684
1289;1075
6388;4184
7108;5400
1909;8580
4718;90
3163;2294
5234;4807
6900;4759
6631;561
7885;590
5683;7328
942;5894
1919;4860
773;3582
9349;5340
9753;3909
4398;7509
9950;4640
8050;1989
7026;7593
2300;3826
3939;3310
149;9606
7048;1249
1827;7110
30;2132
7812;631
1575;1379
7701;4199
831;1994
8211;162
1937;1705
2414;6317
6297;3684
5203;9776
257;3900
6229;4458
2633;545
7718;7365
3438;4700
2361;2370
961;3938
8103;7437
3347;6188
9074;9296
8530;20
6518;3772
5153;4834
9487;9692
8837;953
4427;6142
3512;7661
223;1651
9662;222
8192;4638
4394;1127
6981;7635
6367;4466
2486;5355
2415;8470
7056;591
7721;4760
9138;5344
1196;1828
5295;9694
4209;6019
923;3360
4647;390
3676;8951
3754;6611
400;8838
2397;5458
4513;9677
491;5780
7373;1813
6419;1052
4668;4197
5704;3516
4234;2340
5508;6830
4445;7599
1692;3163
1070;5672
4646;8360
2132;8543
805;3339
3409;6478
5410;1154
9524;3277
5412;9554
6384;4413
9156;9738
3701;2762
7698;6768
3358;7236
4340;3555
296;2834
381;5452
1239;7647
4550;1233
3324;429
6215;7973
8858;5523
4486;314
7655;8071
1254;4806
1221;662
4952;4764
2680;4992
9914;3337
7503;6483
2413;5522
404;325
6177;75
6975;4552
9779;616
60;7381
5862;4011
9339;5777
5764;3532
7834;1369
9694;2123
7673;2989
9899;8705
1192;5454
9337;7529
8059;48
6769;9941
4032;2721
1305;3801
443;5952
6544;15
5201;7801
2828;9108
9927;134
9260;9931
5701;2811
9799;423
7198;7895
5960;7561
3387;5201
1264;4906
7732;814
8390;9444
5381;8106
2014;8929
5907;5422
8007;2357
3296;8228
2200;7423
8616;4191
3452;8035
927;1539
9575;4960
743;5815
5798;2256
9421;6251
7901;6419
9920;4975
4205;7991
4908;9124
5357;2764
241;6806
3229;7616
4021;3053
1015;8339
9026;9327
4011;3857
5643;9246
7439;3102
1553;4030
4623;7129
7061;1077
3067;581
3485;4710
4324;1722
4649;6534
8158;2444
8501;2215
5379;6871
8256;5173
8166;9780
873;8030
2035;2553
1864;9561
1582;8085
5320;1300
582;9848
5501;8315
6644;1621
5711;6017
2989;4829
613;9816
2619;1779
3352;2648
1424;8754
3320;1660
8671;4459
7051;7294
5523;6498
5507;6727
49;2237
1808;8196
1872;8561
4197;7759
5005;4963
3159;7075
5056;784
3832;1192
7629;8998
1675;8495
5031;8760
7112;8453
4448;3167
7582;5740
5814;6854
1219;2631
1292;7421
5033;7963
4617;9293
2889;3788
8518;6504
1987;4772
1490;7788
6533;6619
6303;4251
2769;9387
6508;7673
1848;452
7651;7696
2408;8301
1733;8373
2959;3615
8821;5797
765;7159
5060;1246
8306;813
739;7171
2344;6114
8047;947
2144;1393
4413;432
3710;302
1747;8457
4236;7915
9724;7134
9571;1624
2568;3926
1257;926
7991;3016
4628;354
4501;2689
8490;4074
4711;341
8279;6810
9935;2680
1094;107
9868;1568
6795;1834
322;6475
6663;3729
4509;5191
7525;1110
2396;5579
838;5824
1487;7299
2453;4474
4203;7478
9077;7378
3027;4377
2090;3455
5500;8772
1585;3998
8022;8213
4173;7077
6139;7321
5739;6647
1555;7713
9770;9684
217;9187
4246;1242
191;7043
6980;9538
7430;8243
8099;4177
2884;1655
6849;7875
1870;9962
4809;3803
1787;6665
3232;7937
599;5410
7884;6560
7608;7305
9395;4509
9587;9868
8942;252
1589;7367
6829;5050
6604;4696
6294;2885
5172;5253
3276;890
8083;1955
2825;7697
6626;1442
1510;9763
1472;1778
5313;8183
9791;2871
4012;9706
3011;9937
5626;8489
5491;5519
4900;4628
9858;2428
1665;3643
1793;5609
8983;7974
6956;4364
8265;6128
8282;7182
7665;7337
4951;1493
897;1515
6638;9215
4977;1251
4687;8642
9536;8447
2057;4619
8379;8837
5154;4150
8686;2545
5276;9656
3377;3397
3989;3964
7410;7006
8413;7241
1717;1231
3884;5732
1595;5663
358;5038
6488;4128
1654;8926
4786;3092
7127;2612
242;1286
2677;5032
5723;461
9786;6312
3298;4218
8921;2097
3682;5692
4333;2772
8092;2514
9089;6067
2520;2024
3150;9339
1865;191
5759;1297
5205;7172
6066;7510
6422;2566
7336;5665
6028;7898
8554;1365
1098;1144
1188;7323
7175;3479
8792;4038
4614;7148
6627;1521
6286;8763
2928;6865
7113;1798
2025;4
6789;4618
5725;3118
306;9245
3184;8589
9563;6634
1088;3260
5861;9317
178;9635
523;3971
7731;1384
3623;1323
6183;1869
675;4468
9500;8822
4148;472
2208;9500
6918;4126
9778;2405
8048;4855
3194;872
6788;5576
6866;9813
1540;8074
6974;8956
1908;3464
9048;1278
1996;7811
7231;100
5318;9330
5492;7500
3108;5680
3915;3422
6650;2224
847;6337
998;9266
8157;3760
8947;8149
7815;4449
4083;4425
2108;25
7817;6074
6609;6091
6162;4451
902;213
3546;5661
9143;4408
7862;1748
6320;5493
5852;4447
2784;8519
8475;3034
6552;5733
8979;3086
6865;9507
1133;5570
1341;2608
8840;9362
8666;6760
2724;5113
3075;7571
2201;2162
7299;2442
4612;6912
3131;8743
3640;7264
1329;2593
5490;3488
4285;8615
9901;897
6592;2853
9806;7981
2838;372
6966;8590
4302;4195
3102;5170
5512;5028
9043;3304
7395;4138
9837;3451
6767;6277
5467;7389
511;5337
2289;8955
3697;7176
2349;3908
840;5396
2319;2211
9922;8553
7035;4008
2925;5822
9371;9312
1032;5214
311;9107
8276;9377
5649;7325
7014;6780
3357;4887
7750;8792
8030;2734
9904;8506
6963;352
4278;6728
2705;4553
4873;819
2954;1464
3365;4957
2788;777
6850;7363
8139;1888
7009;6325
859;5702
3555;4475
2792;1391
7771;9879
9814;8555
3578;5232
6103;2489
5328;5149
697;4156
8629;9992
8381;8710
6259;1488
9081;7127
7882;4192
6016;5971
4016;6819
9790;9119
1155;6615
3171;1013
4372;8357
7363;8653
2266;7121
5441;7665
4100;3725
3416;7998
10;2580
8419;7600
1091;4681
5745;1814
5645;9851
2909;7899
3191;1961
4819;4469
3795;8176
846;228
2351;4521
3406;3915
5831;1893
4174;8191
7680;8157
7473;6594
2504;8308
8957;8875
1971;5234
2366;5275
8861;6452
7422;4271
6617;6826
4161;3069
610;1471
8563;8145
2345;9204
4341;9870
4168;2417
3896;810
4861;4229
1999;8397
1691;274
9537;8164
8782;621
8333;6985
6226;940
1574;9557
8449;8988
3787;9767
7603;3571
8374;710
7910;2954
7688;6833
3594;582
7532;6880
1401;867
4535;5870
6385;1237
6937;7797
2718;9435
5394;6103
7572;2314
9353;3594
3893;8202
641;8476
4266;2084
5569;4316
4214;6413
4540;7776
1876;5666
4309;5905
9948;4496
1513;3592
6154;4841
8335;1883
8842;3320
6521;9986
2478;9721
6037;1618
5721;1206
1164;7514
9685;4212
9615;3283
8178;851
4866;5120
9835;4714
4587;4380
3476;1453
9981;6801
2662;1804
5248;5776
2210;6437
47;236
4452;4920
7524;8997
157;2715
3493;978
117;4187
7737;527
1122;6307
5782;7602
6810;6620
4269;6482
4715;9062
2151;6523
3311;1305
669;175
3810;9162
3507;3194
6803;6698
534;3830
8120;9551
9729;7131
7861;8702
3948;68
9547;9013
3181;3483
1562;2466
2981;3880
5163;1150
5141;5442
1342;6766
6860;3775
678;5035
2281;878
3427;8633
1053;8367
2411;6866
9878;9877
841;6098
7273;5305
525;9896
5757;116
6319;6790
4059;2124
9134;3507
401;7806
5658;6463
2645;9394
2311;5343
8042;2460
6354;6056
9059;209
5183;5287
2441;2956
6052;6628
3920;6304
6694;8444
2628;5044
647;9400
3254;6362
3655;6062
1912;3459
8653;4945
6158;7566
7838;2751
769;2997
7432;4661
8711;39
5971;5558
6064;2733
4069;8053
4243;9178
1344;3554
6656;8103
9543;5955
8965;8786
204;778
828;6264
3962;9373
8791;6278
3510;9958
2652;2557
2657;5745
8872;1258
9749;8204
1394;3197
4070;2850
7678;7051
801;4085
4400;9690
2220;371
9112;4183
2170;5640
4017;7936
4562;4532
7612;1530
5314;1260
4613;1937
9289;1756
9034;7036
8332;2306
2605;3764
9118;3029
9780;8691
447;3968
4110;60
9131;7372
2104;7448
5241;9104
5979;4859
9719;9477
9307;5888
1434;6023
2642;103
4920;7618
9383;4511
9415;7587
5881;6436
5472;4971
9273;2067
1444;1354
4201;3566
800;2420
3032;4878
4146;4893
9352;3842
5281;548
7170;8292
4746;7967
9900;2891
4916;5430
2881;2319
7529;490
9063;7934
7486;8731
6499;9802
6507;717
9561;4216
7168;1953
8499;9097
7790;9176
3268;7179
9954;6595
7184;5751
2180;6213
3486;1033
8206;1270
1477;7073
5560;5291
7549;4361
9385;5878
2584;9440
7729;9828
9800;4533
4435;177
2060;4368
1598;3355
407;386
8086;3749
6999;5784
9775;1785
5998;2646
5324;1139
2815;8668
7891;9562
3391;4440
4335;8396
6724;7394
7038;9308
148;4615
5727;7645
7702;265
5760;6629
6456;738
2279;118
8970;5696
1456;8835
2612;1665
7404;5821
7309;9956
5119;477
6512;1253
1064;2073
1056;9638
5620;1086
369;8962
9287;1774
939;9333
6537;2180
1002;2440
347;6226
6414;4340
3267;4294
3270;6745
7389;7507
9360;4839
9317;1851
4963;3525
6030;4990
9773;1872
6253;1613
2380;7820
5178;5371
8916;2437
4066;2342
439;8236
2979;4815
5926;224
5190;7830
7321;1637
4958;9577
7813;2467
3718;9612
2618;9807
9053;8654
3345;3829
8418;7361
5062;695
6752;2583
7139;4341
1299;9302
1829;804
2599;4240
7758;4930
2424;6418
9044;9518
4922;2491
362;9736
9366;3390
4947;6970
6941;4452
6740;6422
5425;7794
8820;3976
1604;1020
3206;7694
7822;888
9227;4599
9953;4070
8237;7702
1285;3257
9916;4800
7144;9739
2608;826
4533;9960
9994;9794
3581;7416
168;714
9252;4904
1457;7086
5752;6660
2937;421
3165;4309
1145;3363
1152;3145
6220;5316
2327;8634
5177;3184
2899;1664
4381;9181
9725;7045
2326;5441
1690;2783
7153;271
8289;8546
7586;2146
7078;8542
9113;9360
1938;4937
7632;2214
5750;8364
920;3269
2673;609
8346;9118
384;8220
2224;3929
1797;8643
1605;5238
5068;6349
6680;4585
8597;7727
5025;7430
1069;8904
2542;3426
516;5812
5268;7191
4915;9291
9741;3114
4970;2926
323;4725
4076;2712
4129;2770
7590;1768
3873;5049
541;2904
962;1861
11;8437
2173;4209
9228;6993
835;7720
4000;2201
2439;4358
8117;3602
6560;8686
4077;7683
7890;3333
1799;7628
6218;1505
1210;9321
3349;7707
3135;4973
1339;4520
5709;3718
6393;1097
5865;8565
8261;3084
3533;4673
1126;3548
5092;3982
9750;7526
4883;9546
5909;924
1018;838
6244;7398
4847;9873
9693;2122
2821;549
7783;5977
3456;8952
397;1562
5768;936
377;7281
4459;4581
8600;1709
4610;32
7907;8108
9361;8994
6602;9149
539;3279
3696;114
8661;844
7029;3018
4940;8667
3339;6310
1183;8387
7436;2016
8929;9766
9821;6731
1437;3774
9508;3061
1803;7552
478;6144
7613;1239
9167;9665
5573;4679
3890;1564
3656;4123
7765;4253
9271;7948
4969;6637
3993;9662
3929;5061
9254;6990
4151;9623
6729;5550
5728;5213
7238;4510
2463;8029
8610;556
2857;5901
5930;1054
3938;2737
6219;6350
7239;7785
177;7189
9966;9733
7626;2315
9054;7654
7348;2394
6606;2575
537;6909
2842;5565
1408;5107
6311;4275
8446;2008
5514;3546
3886;9251
5506;2049
9833;7013
9024;7449
3228;2063
6792;451
9951;1037
13;2909
533;3081
6532;6135
1957;3734
4549;1617
3556;8182
5063;6989
267;1059
760;5419
7454;2140
6699;4283
7355;3791
4862;3125
1991;2395
3216;7795
1922;4254
6223;8101
107;1223
4817;3409
5423;7854
2650;5906
1863;743
633;1710
4093;2290
6035;5686
5236;9404
5278;3945
8414;7975
7886;8464
495;3414
5335;1532
8193;6327
211;541
8324;4087
9996;4756
7025;9247
8218;5600
3079;7770
3404;528
3177;2131
1465;9195
2720;5388
7788;6824
1784;4223
9656;2543
9957;2076
9393;4438
2332;4965
6157;7792
8660;124
3729;8097
7668;4857
4282;5351
4705;9707
3121;106
8387;748
2796;6543
6833;3126
2143;8886
124;827
3;6831
380;5009
970;2624
1802;1571
1901;544
3662;6537
9648;3186
933;8413
9507;4385
8056;1771
5842;8569
9577;2529
8826;7783
3902;4227
9208;2478
1791;9244
9846;5459
5;879
5789;8113
7610;9654
6342;9702
3316;4392
5838;1556
285;4211
6553;1064
7347;2248
3838;6862
6276;2630
930;5549
5255;5207
8097;2167
8119;8375
5962;2426
1856;2174
6192;7029
194;5935
1089;2616
9933;8894
6149;6850
8301;7385
6376;4448
6659;734
9602;1023
1674;8938
9568;5890
64;3847
3552;3196
2664;5613
5100;8992
9344;4659
8981;5308
2416;1976
7921;4865
9992;2683
9595;4418
4856;3078
4314;6873
7012;5552
7200;895
1389;2510
1409;5744
9698;1684
9807;7533
7852;5596
8972;8430
5166;2143
7581;7333
9014;647
5454;6769
2050;7666
7635;7586
5096;2094
7714;3244
8571;9743
489;996
6711;9765
3725;5492
6361;4114
4136;7980
182;6517
4339;3094
1904;5406
2818;2731
5262;7096
5940;3144
2367;6365
2872;3001
4931;7657
3454;3270
8477;6638
9274;6809
7130;9705
3803;8187
2716;9475
8420;6218
3455;5322
9164;6117
5217;324
2450;3122
9558;7407
8212;3321
6904;7263
314;4977
3824;9243
4389;6558
2353;6358
1211;2371
9281;143
4322;7594
7942;3807
8759;6367
4993;7166
6979;9007
9373;3137
5389;1295
8215;9695
3172;2002
9794;1595
9115;7289
587;7410
7493;5325
6785;2697
5447;7390
3376;6958
5667;8000
2418;2815
7141;7035
1374;7572
9497;199
8804;8505
1120;7761
3913;2946
8304;8836
8308;682
8504;6348
2874;2718
9351;3821
685;6309
5344;2911
415;8135
5846;1002
1171;9448
8907;7066
2582;4592
8269;6659
5397;8871
6575;8132
547;5671
5964;3475
2146;3646
3504;5147
1244;2823
3971;6464
7802;6234
2793;640
6377;391
8876;7612
3607;6492
9573;8739
9640;6919
6451;1509
8194;6510
1068;6724
9259;3678
9809;7965
4651;8068
6535;4196
1304;5276
9620;8005
1625;8640
9812;3249
7213;2046
2290;3271
7278;5487
3168;2329
7804;2913
6180;3372
5417;4956
9105;6068
4644;370
8572;9856
8936;5943
2539;2781
9653;1044
6191;8271
3933;1835
6924;3663
8082;9861
8618;8672
187;3902
4834;9329
8917;7293
1426;6565
1300;2379
5606;6860
1641;5011
214;8036
5424;623
8046;4670
2532;8467
5048;5208
4194;2641
5505;8013
154;1511
9995;5767
3711;3364
1656;5954
2401;1535
3092;3327
3179;2264
1156;4022
6324;529
2278;9370
7833;17
6352;1306
5184;9413
2203;4827
7319;6592
9831;6588
1961;7145
8064;6640
6480;7490
2480;8719
9462;8785
5254;6807
5269;6438
3571;4919
9471;2668
9517;6800
3653;7956
3864;4902
5894;2411
462;1592
5602;3433
7909;1328
3590;3925
8341;4389
2387;3675
8334;2814
3331;9300
4918;3626
6945;6227
2325;1209
4271;4376
5370;3447
9643;7868
4355;205
8098;66
1463;6425
7807;9170
6034;6967
6645;4606
8857;6875
7775;1582
9889;1003
1695;6459
7457;2518
629;1460
8173;8118
8768;7851
2614;2542
5327;4382
6144;7114
9400;3531
6493;6230
799;8333
9039;2293
5521;5735
9984;7814
4833;3742
6265;5643
5823;4500
8277;9116
3300;7207
512;7034
7187;793
7240;1743
85;1322
8655;893
7158;4645
7542;5434
9473;3432
7345;9566
4296;1055
1014;9026
5104;5175
6925;1928
934;1931
3348;9038
3802;8670
3647;6650
6436;3359
6381;426
7919;8737
1049;7329
6271;2268
3706;4793
4742;7862
1778;5997
5702;8151
4781;4110
5676;8649
3513;5889
5336;4349
1565;6758
4099;5223
8658;7524
1612;448
6400;2070
8822;5090
159;3860
4380;5471
2386;6384
4431;2847
3044;8456
7776;2118
6632;3809
2804;7622
7902;3046
2371;2659
3086;5533
5377;8715
6248;3899
4048;7539
9975;8051
4237;5646
2697;4991
542;8685
3690;5420
2760;3769
8636;6584
7205;5110
6815;8171
9761;8840
6225;5931
2276;2965
2588;6099
5121;2869
8794;2629
4607;1271
253;5636
2243;1316
5400;4616
5936;3072
1151;8784
5735;8999
7892;9397
8596;5318
9659;2032
7667;8834
4557;2722
8868;56
9784;622
9285;5432
5847;950
1658;1031
5199;2779
7705;7436
5933;5796
6186;5723
7283;2367
6351;4165
3314;2724
5018;1102
265;2995
7841;7789
4287;5303
5244;3522
3401;3007
7797;1548
4345;1428
3870;8636
1379;1553
1186;1908
175;7964
5105;7336
8624;9418
969;1485
8850;4062
2421;5143
576;954
6408;8973
4363;8815
4740;5273
7559;4896
6471;3388
5961;5498
263;1537
352;1520
3183;3501
2565;2318
2273;6489
8568;1836
3285;7318
4554;7124
2093;3720
9584;6353
304;5673
3445;8657
9979;3639
3888;4104
4421;4153
9666;989
8400;4818
2817;1912
6124;7386
1895;2525
3209;4813
1721;2086
4710;3680
7889;5154
7303;4752
8707;7832
8680;9122
8104;3305
3536;2556
3096;942
7167;1320
1760;6355
4933;5314
7740;414
9011;9469
3166;8075
9231;4355
4921;2480
9122;5361
9029;4569
3560;9189
9314;383
2581;9096
4942;109
6246;513
1631;6693
749;6106
7142;308
243;7261
730;9925
8444;4258
9544;9895
6665;4094
3045;3153
8641;3259
4686;4643
3425;8234
7700;5738
5892;1412
219;1318
8141;9443
738;2961
3236;5819
5678;9693
9446;4206
6939;9353
6952;1713
3522;215
1932;2870
1839;3160
1813;3238
2169;6315
7869;1868
8854;2462
2128;6593
6993;6000
9222;485
2916;8524
4648;7734
5237;4161
409;2691
9375;8882
832;4325
2039;733
5939;5319
6042;4871
3869;4732
752;975
9379;916
1959;1973
5564;4000
5557;3576
1935;4115
4759;5814
598;8125
2215;3963
9302;9428
4177;2212
6955;7373
6426;2806
3984;4371
715;9830
4147;832
6411;5881
4368;638
7359;2052
2596;8404
8210;5037
5206;4744
8310;7576
2862;4064
916;6254
1628;2136
747;4124
156;6444
4219;1009
2691;3028
2690;5691
8171;1736
3611;7925
5978;3858
2546;8006
2284;5094
602;6562
9006;8922
3580;2681
4128;4801
2525;7957
1840;8353
3745;1588
4279;2990
8888;8787
3221;9754
6484;9114
5117;5281
5558;3696
4178;7435
9431;5556
6973;3538
2876;1757
3077;7091
3730;1143
2393;146
8235;9135
2274;1632
9075;6997
4403;9211
1944;8907
3265;256
79;4067
5220;239
8415;3672
1809;7735
6844;2085
6399;8358
5210;5682
8966;7133
5371;1404
7101;2579
7417;6305
2781;3836
4899;1277
2339;359
9110;1227
9797;6115
3699;5022
8682;3297
1256;4069
1668;3387
1890;8770
2372;7010
1245;6942
6991;3819
9816;1978
8190;2693
3936;169
1812;749
5900;3168
687;7879
8950;6497
2786;2216
9304;113
1486;5152
5011;8252
9531;9355
591;726
6027;333
6531;1011
19;7726
8719;4065
6095;2577
4276;1602
2252;3586
1074;4100
5218;1823
5075;8724
9436;2692
6588;5185
3874;1256
481;808
8344;9984
4706;1329
3291;2507
29;3261
8480;7784
202;8676
1755;7597
5353;1444
1071;6788
1459;187
5010;1864
9930;311
5633;5008
1614;4576
4127;7116
7049;3542
8615;1373
8422;6582
7918;7038
3642;9432
8168;7284
1897;6959
1468;4176
2715;7841
3935;882
8096;9037
2399;9358
7969;7889
8628;1718
58;6519
8016;6535
4580;7782
7478;7184
4079;1234
5503;3051
36;3850
3914;7962
2559;4374
5137;9485
563;3560
2830;6002
7059;9087
3877;8014
3429;6110
9552;8545
5093;5961
4179;6393
4903;8656
6275;6950
1467;7888
1384;5292
7674;8798
7462;7352
4626;4747
8664;2487
4422;7638
2755;915
2066;9900
5600;4072
4631;3630
9745;2541
6383;1443
3356;8249
2188;3779
5824;8386
5059;9472
8925;2392
650;7884
2676;5833
4738;9704
2406;1461
6224;8155
2904;5786
8328;5040
7252;9627
4997;8968
2088;8865
6642;9310
1180;3503
3905;6030
8448;8034
9249;1201
4199;626
4595;8139
6277;7467
7024;3895
153;1818
2068;7451
9664;5569
3069;812
1503;9209
5111;5469
573;1752
9907;1244
8367;3695
1009;2069
9757;6381
4290;3274
6371;745
8639;1730
4291;7087
9669;7527
3208;8679
4592;3876
6217;27
7644;4303
3050;4222
5913;5752
7084;1135
7372;1907
1405;6540
3726;8334
1615;6874
68;8918
1801;7744
7340;7769
1024;9675
111;2703
7854;5504
869;7824
8949;3040
9256;9022
4035;5912
9540;8127
4937;8683
2574;9916
3991;2400
3866;3080
9897;1191
9423;231
4548;2038
2890;3405
7641;3598
5498;5341
2234;7245
5959;4648
3001;5899
3739;3731
4112;5717
2726;2701
5574;1304
6462;3583
6876;2191
1663;6470
1698;6551
8140;5112
5568;4559
3114;4265
7116;2938
5359;3685
6106;8248
2656;5161
7979;8190
1686;6214
366;3180
807;526
9215;9456
1842;8383
6502;1021
9004;4200
8386;2623
419;9587
6907;786
6583;3950
2171;1717
3985;4662
5777;5808
9091;4672
5393;9720
2770;6051
6885;5656
3853;7349
907;7843
4904;9749
4042;2246
7722;3591
3583;9065
5663;5648
1880;9742
8305;5750
2229;7202
1429;7100
453;3247
7294;1370
5103;542
5094;2947
9028;4245
6036;9090
4482;7640
7743;970
7185;7267
2445;1675
4295;3666
165;1762
9310;3281
6990;3530
9151;7740
6241;8154
9356;6363
4305;3841
2471;9227
6150;2410
6944;1498
3167;2757
4441;8461
172;1287
2630;9976
1800;630
3855;6346
3878;7834
9541;9188
5440;3324
1931;1550
4910;2479
9474;6104
112;7404
3471;6624
1767;2236
2241;7063
7805;5730
9160;2393
634;7522
5906;799
8251;9079
1223;5561
3860;2563
8976;4315
5785;9519
5619;8677
4457;7003
6899;4884
4844;5897
646;7989
9683;6326
4816;5247
465;6185
2294;7930
6274;2912
786;3004
3239;6472
7646;5463
7734;3470
607;3326
5784;8416
6987;5268
876;904
959;537
5656;2012
3061;6385
6824;5810
8338;1166
3198;1431
756;6550
4818;7484
2579;317
5195;2035
4433;446
4660;7591
5112;8898
901;3681
3393;3638
6988;4006
5250;3993
5855;4771
645;2257
5872;7926
2139;8409
9663;4880
5398;4831
7606;4099
1942;6679
1481;1707
2721;5255
5700;2656
7760;889
3545;2889
2089;6940
413;2254
7306;1586
1680;7979
4073;955
560;4734
2668;6293
8703;7344
6474;7632
8038;9886
4303;7109
4026;5649
7236;4897
5922;7676
2292;9153
714;157
2553;1459
9822;6602
25;2251
4693;9093
9532;7650
5390;674
312;9356
8476;6925
7212;2609
9212;4894
8128;1497
5518;8820
1820;1390
6333;8082
4224;961
7906;5024
6402;7111
5714;8363
3257;6845
444;572
8904;1184
1309;6877
9550;8912
470;9474
8886;5586
8109;6066
676;584
4539;9047
6164;1113
2603;9683
8562;2601
4511;9871
3212;2092
4053;4267
6300;1625
5625;6761
477;535
9559;1890
4153;9240
5665;7474
6910;4010
6585;3783
9372;8069
3099;7085
8180;4766
1025;3648
7528;2829
7004;9367
2924;5560
7694;1514
7518;7758
9580;9982
8287;9091
1138;6126
2530;9714
152;7420
7624;5109
6070;9650
9326;601
7573;9644
8642;382
6715;71
5544;1691
2834;3966
129;3301
8816;8876
8161;7056
4227;3192
652;8868
1176;4984
778;8806
3225;420
8479;5559
7204;2977
8516;9948
4446;9316
8697;5916
4520;8765
6954;4503
1995;9200
1149;3508
7554;9028
5416;3744
994;5417
6317;3884
2298;2530
9041;9582
9673;9336
5363;5932
4449;2331
8441;9495
826;8725
6538;1174
6181;6951
8041;1837
2861;4522
8934;2502
4559;2883
277;5025
6753;6689
5022;939
6043;5990
8216;830
4009;5082
8823;1261
1543;4480
9960;3988
9479;6215
1150;2287
2763;2598
2403;3307
2674;379
5456;5051
7074;4202
5531;8781
1139;905
5566;6036
3340;6968
1230;4905
7396;944
3237;4068
674;457
4544;8578
3602;5335
7397;7105
2338;9374
6555;4539
2431;3438
96;9666
7636;8448
3760;5507
4233;6145
7369;2726
428;2921
5286;4381
759;5891
9466;2409
4036;3313
4665;9959
8789;8996
611;6469
3202;1267
6087;5136
4054;495
4005;4609
958;2574
810;4652
3968;5684
2946;9113
483;5095
797;5034
1905;6100
72;4912
5057;2296
8421;4182
5502;4817
9856;4653
9196;4093
3187;4989
2635;9052
8507;4329
3139;2744
9269;4092
2045;1974
41;4558
6110;9389
66;9279
5944;3429
5476;9044
1688;9725
8074;8091
8938;9452
3786;598
2098;3849
1899;3228
4721;7554
3972;772
4364;1157
7647;4378
5888;7771
5509;5168
9877;8122
343;8616
373;8564
8199;6297
1626;4718
3882;2638
9193;8796
4366;5771
5801;643
686;9902
4527;4037
8967;2929
418;7959
2767;147
8640;2678
2388;1990
1537;8256
6433;8
459;8897
4812;4911
9132;4495
3105;2288
4669;9409
7301;3207
1225;2375
5242;9716
4743;7210
4732;1028
3679;3931
2191;8931
1132;667
3433;3509
1090;5150
464;1560
8856;9549
3235;7946
6779;1218
1572;465
4315;135
54;5921
2115;8471
2364;2886
4169;1854
8869;5768
6268;5923
6325;2690
6117;6043
8659;3267
8495;8153
7895;8273
1441;9408
729;718
1205;2523
2435;8287
3772;7391
2343;985
1284;6200
984;5086
9590;6682
2362;1387
3671;9631
8472;9272
9551;8424
7007;503
9657;5437
4522;5180
3282;6694
8015;4948
8298;1436
7085;4743
4744;9545
8220;7481
2684;136
4157;2879
6649;6426
6078;1411
4948;5433
5122;3136
9942;4741
1236;8601
2272;6681
4752;2079
8841;5162
8613;6460
1677;7268
5058;3940
7437;5892
8453;4429
2329;6961
3854;4149
6616;5081
3912;7870
1449;2144
5969;2714
4611;9169
6799;2200
4041;7890
722;8042
4304;9608
4370;8609
7148;2802
1277;6322
7157;8675
9282;7939
5258;1679
7881;3981
184;865
6011;9525
5921;1604
7747;4457
5299;2166
6898;7304
8556;1363
5615;2155
9191;6354
691;5378
7980;3782
528;9548
2454;6736
6285;6605
2335;1090
8531;5354
9938;854
1505;1587
1532;1714
517;4987
7505;6400
1838;9649
268;5336
2350;6754
9605;4505
2961;58
9342;6026
8121;6554
3796;2239
1499;8388
2125;6165
4412;9957
2787;3411
3924;8713
2895;7324
9865;319
3955;1873
7447;845
6916;1165
1950;3191
9857;2554
6717;725
3464;4749
9974;7520
4264;1683
2236;705
1635;7060
3439;3219
8503;3636
8862;6453
8044;2833
1326;6330
8159;5695
2583;1417
7988;3978
6780;3434
5301;1661
2047;7425
4588;5707
2105;3239
3755;8330
9300;8446
2079;2644
8739;115
5660;5683
706;2279
9127;7097
7062;2875
7409;522
3887;4598
185;4433
9805;4063
2498;7863
1998;5782
2685;5490
5477;1932
6838;530
9137;4931
3106;6750
6368;3478
6340;9929
592;3200
3883;4543
7530;285
6777;1210
3637;9173
5910;6908
8860;1096
4074;6699
868;6777
135;4027
5369;5936
8649;1845
4006;5446
6363;9669
3516;5457
4553;4969
8029;4717
5567;3367
5621;866
1218;1321
7030;5012
3003;7574
449;6093
5733;8913
8017;8186
7809;4086
1549;360
9824;5566
9746;1272
6559;8180
2080;6981
274;1533
1232;2304
8963;2160
7948;9993
5705;6059
3372;9439
6764;2412
7126;1667
3829;2476
1569;9344
8405;5926
237;8522
7748;2859
7354;3573
1697;4936
6903;9051
1750;4168
5968;1919
554;6575
5950;7412
3945;4090
979;2749
9493;3240
3721;2470
4894;8163
754;615
3332;3139
6594;273
1367;6545
430;2307
6278;5858
4025;5913
5604;1747
564;2240
2196;4854
4593;7147
9296;575
1008;3031
4956;380
3603;9331
8948;7279
6093;5563
2055;7808
6155;8181
1020;3380
2069;8845
8632;3588
9002;5934
7220;8605
1577;3330
8832;8257
8941;4318
9230;8953
1818;189
1291;1759
365;8247
7568;2704
8181;4688
9593;2031
9416;6856
2722;3745
2360;2431
8884;3463
3631;1447
6467;7238
565;6503
7593;3399
7835;5451
6546;2873
1162;1635
1302;4406
4428;2271
5644;4435
7370;2949
1356;8285
9692;6883
4088;4456
8464;3494
4419;2377
700;8406
635;7902
7289;9019
9494;3002
5230;3645
4662;5269
4814;7532
2950;2643
4356;9314
5081;7270
195;5835
3977;1855
2485;7643
2211;5177
8186;61
5651;3852
2007;9504
5963;6598
7778;5426
93;2322
9262;3193
5989;4139
898;5221
7387;3872
1602;111
7315;5252
1194;6063
1362;6623
7420;3358
5107;2007
8864;3953
6033;1910
6820;9379
8234;400
1862;7777
8125;4735
3617;8311
6522;4101
6018;8098
2580;7475
4620;999
7937;6964
2663;9987
5291;7603
1476;2498
3029;5401
1745;9685
7784;489
6216;5270
1454;9147
8095;4401
3547;6028
2011;2745
6172;9774
3093;8734
6515;1924
3827;7266
6919;7017
4703;3756
4172;8688
5339;4578
2297;3520
1143;1302
6252;6033
2235;9584
9007;7805
9153;6474
6880;9123
6550;1942
1834;7773
7329;3889
7243;7563
1038;2901
1766;9687
2375;3427
6762;7978
827;3308
2987;1842
4454;5290
109;6084
8885;7688
3897;5501
9553;5118
6756;471
2164;5597
2934;5658
2660;2249
7069;2301
5891;5598
319;6014
6835;7755
3197;594
9548;4811
7818;4922
7228;6674
3146;8771
8706;1580
7201;2654
1287;7596
8493;639
3999;2141
529;1170
9025;6746
1790;6433
2748;7892
7391;524
9299;8944
302;7736
2110;7095
2897;922
5770;3936
8342;5910
5677;2564
5257;1161
1046;1501
3848;1917
4684;4626
8149;8497
2513;2373
2202;7671
9258;8377
7727;5644
3541;3023
1917;7447
7934;3318
230;7183
9046;8717
8528;3179
4747;9020
8793;81
7044;5440
6870;358
7973;773
877;608
7875;4012
5267;929
7300;5178
1066;9294
1637;1951
4094;8060
9967;9892
7879;2562
6926;3579
3201;1968
6577;8539
5285;7633
2269;2606
8290;2028
1417;8967
7057;1673
5844;9922
9796;8666
2122;7053
4374;1656
7290;7158
4869;279
5351;7099
8555;6209
9499;142
3467;7857
5821;1794
1166;7310
3329;9862
5284;1069
996;3603
7265;5102
2869;9031
3367;655
8698;4832
2357;5467
1453;6471
6296;9436
4037;5792
741;9083
5499;6979
3063;4875
862;1358
5223;6083
1627;1668
6147;6380
2147;5568
5212;2804
8652;2389
5135;5583
8474;8909
8184;4982
8674;197
1058;345
5487;7069
7950;6132
822;2505
233;1106
1518;984
3825;5930
4212;737
1860;2413
3717;4436
3881;3288
2271;1513
4625;1382
8700;6338
6355;5725
4208;4375
521;329
7837;286
2073;1594
3384;2939
6657;9648
551;194
5331;4667
5076;6917
8349;4538
5927;320
508;6625
9384;5917
5140;6334
6478;4542
2887;6050
6449;3956
3568;3090
3277;8567
121;2816
932;9369
8952;6872
5896;7209
2883;6915
6198;4534
5239;4301
1758;334
4755;4050
9402;7988
987;428
8152;5293
8288;412
8940;6714
3495;402
6584;1183
8540;3534
8134;7992
9093;3025
499;3871
732;2021
9397;9600
3669;7546
356;7656
1485;2905
6116;7307
7005;7155
3565;841
9726;787
6222;7912
5020;5041
9192;1236
8491;8744
8329;7538
2602;4726
947;6756
4748;8017
197;8635
6423;763
1844;6258
2172;6983
1756;1435
2995;4986
333;4852
1913;3454
2479;3047
1977;6818
636;1920
5756;849
9769;7397
6567;5900
4775;8160
2751;5240
6935;2003
6817;6379
5151;5601
4842;1741
6673;5555
622;8162
1172;5242
3525;9756
6958;5967
8148;8867
7534;3431
4488;173
254;7224
8382;6389
793;3347
3564;2953
8691;702
2440;4405
3233;2872
7176;2075
9334;600
6834;5941
8619;8849
4919;619
6279;2305
4992;4082
9528;2450
5609;3309
9527;3642
3797;186
6682;4506
4442;8168
6906;7247
1435;7601
9556;1362
536;3873
3724;988
406;2010
1573;5995
6031;5965
2855;4701
6287;3213
1193;3762
4192;4335
3809;9459
2610;507
8673;6331
1561;2866
2534;9573
3842;9981
3741;3128
845;8606
3702;1319
3350;4980
4447;8268
2160;9025
1231;232
8920;9673
9019;4137
7193;8392
2494;6216
1786;5482
7269;949
1523;7721
1307;4136
9308;1573
7843;5757
989;1811
9303;4563
4973;9772
4106;464
3748;2343
2369;8455
5462;2796
4699;5227
975;9568
2880;7844
8375;9446
9830;5754
6970;8793
7442;4360
6365;6300
1095;6274
2601;3584
6000;6245
1871;3629
1632;9834
3615;9458
7738;8207
8447;6949
1693;3935
3432;8218
7662;7905
7100;8939
3976;4978
8986;7187
8770;2149
8585;4633
824;6257
7138;410
7883;9700
3949;8905
6985;241
5329;8233
5918;483
5297;8514
2295;3381
2346;8921
9292;9932
235;9797
8646;4590
4350;9913
4175;5769
1732;6192
5610;6977
4971;7984
9209;847
7587;6603
8291;9372
8835;2549
8151;7861
4030;2229
213;9441
9084;3651
1962;8896
5741;5132
4371;3117
4228;7256
4863;8960
9245;7332
7957;1739
6615;3875
7683;4324
9050;8980
4914;9678
8813;8644
6029;8177
6345;4921
3381;8551
7307;1038
2008;3970
4207;6772
2308;3912
7547;2284
7522;2114
9247;4625
77;6684
1794;3781
4827;3365
3892;6468
7149;3518
2854;1352
1676;9217
1001;9903
856;2981
3620;2674
9398;7577
4091;234
2643;5535
4596;5781
4909;3758
6293;9741
5486;7952
6733;6031
9633;1563
3981;4620
2256;8607
140;4289
5495;4848
7669;8203
6712;184
7615;6189
2285;3011
4301;5277
556;8324
5197;2637
5238;4546
6163;8065
1027;7877
761;4738
3794;1337
9205;8269
8526;4237
8351;1958
8621;9598
794;4415
748;5642
9667;6738
3411;340
644;9392
6058;8496
2658;404
1568;276
3000;8881
1337;2065
1469;7167
3839;3792
3231;4117
1378;9032
3402;5605
6701;8826
6496;6528
5340;7906
5088;8310
4843;2984
5272;9977
4575;4826
2159;6947
3043;6522
6002;4889
5343;8421
9095;2062
6262;8059
823;2006
8672;3485
1892;7764
5277;2100
3186;1507
5165;9966
3083;4102
2531;9185
5392;5939
3049;3152
5870;5846
7575;9912
4803;6814
5034;2856
3630;6040
2129;1248
4514;54
332;1058
5809;1388
7489;4394
1564;2473
6434;5366
9261;2339
8913;7271
2185;8927
329;1353
4249;2868
9340;6239
7851;8982
3430;5358
6209;9652
74;5310
2496;5093
5775;9735
7021;5403
7099;2029
3095;9292
2980;5514
5399;1817
2587;9453
7398;731
3161;4373
6120;1101
2092;6064
9872;7181
8727;9311
106;7853
4484;8445
5905;660
6061;8012
3334;4684
8708;8303
3783;357
570;8432
6112;7536
3753;8003
8283;9664
3325;7438
3638;2735
7850;51
4498;2980
8769;9657
2526;4055
5419;6314
7925;8077
8195;8044
6765;4028
2564;5529
2888;3415
1664;5512
7071;3891
9881;122
3644;1334
7455;8746
6921;6987
9604;1133
7324;3831
1436;145
7798;3708
9052;5698
9863;5950
882;9280
8364;7376
2649;9151
5642;3164
5298;6184
84;2899
4003;5510
3672;4993
4880;9935
1734;6344
7672;8661
2993;8747
6859;171
6794;216
3789;8475
1077;518
9354;9402
6806;6286
8657;5739
3919;4907
1685;47
5437;3564
9001;7198
4460;1962
6525;8778
9504;7399
1141;8976
2430;5164
3764;6112
4806;6487
98;1853
8954;3512
1609;8557
4248;7201
2566;715
945;9258
5350;1430
5181;2484
5003;192
8373;5202
948;1347
2598;963
2646;7220
292;3439
8401;2469
1116;4535
5743;8641
6374;5590
8678;4847
7414;9375
4223;2673
558;809
7723;470
9579;9942
974;5209
417;3628
6647;350
6989;5363
4698;5987
3756;1211
3740;3670
9399;1208
6039;6392
1201;1701
5849;3811
5646;980
5916;5356
3499;7018
8529;3311
6438;8862
1650;4939
555;2
2829;9206
6166;3234
360;6495
1461;6827
5966;4976
7222;9924
6133;1230
9144;6153
3145;6280
8498;6018
6126;3400
1933;3009
9270;1659
6134;1268
4911;9281
1923;862
6059;8137
5067;4262
6874;719
7681;3687
9101;1310
1310;3413
7507;6343
7761;6817
4139;2862
132;7670
7335;3536
9636;1022
1174;3209
9331;2600
101;1824
8611;3714
1735;7803
3757;8370
5552;1838
1707;636
5047;6899
2503;9953
1727;9748
4404;6228
9696;2652
963;3038
3834;707
6516;3732
5274;3710
1238;1829
8761;1946
8881;1279
3691;898
1243;8823
4829;3759
3009;9430
4768;7674
2490;1528
210;4317
4014;4502
3606;3181
2423;2842
9425;2825
1033;6546
6524;2836
9859;9221
3900;7722
3969;4075
557;2443
6897;3477
5695;3408
6545;7833
9767;6937
4824;8105
9842;8192
1388;3547
1884;9832
1282;7282
3289;1374
4084;5699
7465;5271
1645;573
8906;8520
578;2313
1323;3550
936;1189
8668;9411
2562;9210
6883;8963
671;7664
8068;3736
17;516
4390;6740
4754;2274
3246;8272
2984;3665
2573;3173
6596;7482
3554;2603
3039;6101
6448;9120
6409;1051
9049;6328
420;1825
8231;5621
3120;3292
3964;5444
7341;7610
2945;3357
8587;4130
6891;425
5345;1506
5282;2933
4999;2433
6539;46
2644;5793
4807;8300
3059;6870
9989;5067
5790;4947
5843;5204
8170;6164
7741;9626
6497;6360
4150;635
7450;4586
2302;4775
2382;3793
6654;7112
4779;6296
6529;467
9946;8405
7115;7550
3875;6898
3801;4814
8081;6243
8845;7074
1319;4516
3767;8575
8574;5619
8262;1224
8932;2671
7537;1820
4583;1822
6047;3345
1195;3389
2037;5225
4375;1477
3958;1862
155;5542
5012;2494
5482;8645
4231;7506
3975;8423
3844;7123
8633;1524
7720;7140
9896;3208
4568;9046
7555;8279
5427;1100
7256;8538
188;1850
870;9276
5817;8612
2183;5192
2015;9131
2524;3533
2232;7723
8558;4077
4716;9345
6977;8741
3716;1433
1634;8399
97;9161
6395;9234
2960;8711
1331;8507
6394;5843
301;3287
8391;4299
9203;4243
6403;6913
4267;4656
3036;3786
2516;5115
5403;5855
2597;4470
5260;6918
5717;5402
5875;2919
9175;6663
7017;9670
2340;9429
3303;1416
5366;7177
158;296
1506;7234
775;6571
7096;8989
4853;2219
2306;8735
2373;6713
4480;6371
1861;6857
1432;4562
1104;5718
9838;6111
8110;5982
1683;4567
227;7729
8132;6081
4890;9106
5132;1171
7873;1204
5903;4051
6582;8263
4308;7781
9949;4536
2719;875
9086;8880
5289;7995
1542;16
1722;6138
1963;3768
2323;4045
595;3616
2848;7406
4811;8290
3117;5491
9621;4462
9723;4794
7124;2105
4496;8010
3502;6988
40;5548
3813;505
2547;9671
5065;6409
891;4455
6735;7865
5995;4256
7466;8314
461;3753
4774;9839
3798;8226
8111;466
3423;1770
8517;6149
7098;3178
354;9041
9250;557
4018;2877
6182;3341
1524;2316
3218;62
594;8510
8482;2581
9861;7812
225;7653
338;7544
4140;8975
7119;9068
4188;3593
141;5000
6208;3263
2254;5087
3178;9827
4567;7927
8643;9759
8067;2773
5954;2081
919;373
6920;685
6698;6561
8358;313
2738;9268
3771;1599
7440;6530
1478;654
4072;1214
3395;5840
2270;5472
6744;5464
9703;9465
8430;5065
4730;1619
3909;1308
5917;8136
1368;3637
4409;6181
3880;3443
6012;873
5303;4803
1731;7678
8900;5079
9634;1590
6930;6366
851;7049
668;9943
753;2797
4901;3837
226;9784
2858;7311
6579;4351
7431;1273
2800;3107
460;2050
770;5215
1258;7872
8810;6187
4312;9881
8898;6359
8879;5852
8510;3595
2589;8309
6755;9534
8525;3625
6685;8652
2741;9451
4825;6906
4777;3198
8383;5800
6881;8217
5976;7054
4263;703
2947;7092
9350;5877
2419;9630
2024;7519
1546;1695
7724;3979
1730;3423
4961;5499
3002;9594
4764;2066
8034;8026
5688;348
9420;1313
6603;4703
6051;7005
503;2273
3982;8146
6858;7679
205;2778
7092;3948
7659;8485
3042;1476
6549;1343
6442;5369
125;3322
4860;5580
9763;7445
3317;4873
6199;4029
450;1001
6671;976
8549;3401
8931;8693
7206;3996
2506;8200
6669;6836
7687;22
5015;9112
3894;89
683;8356
7712;9563
1479;8317
5834;4276
973;8625
9096;7019
3414;1566
8196;2902
1042;7070
5090;7911
809;5578
7412;5763
8669;7494
6922;9226
7649;1465
5288;6649
5380;2138
4841;7551
3684;101
8031;9817
4323;8427
2283;5297
2328;8860
2481;4285
7739;665
2802;73
5828;7219
8598;7471
9376;4033
8962;859
5648;7976
6747;3183
7894;8134
9811;3539
8569;7730
9965;2521
7558;8048
271;9238
2707;8984
7614;1427
6635;5182
6598;1019
726;5827
4135;7624
2892;4226
2822;6635
664;1693
2482;9085
692;5218
3385;9998
3708;4372
5473;1298
7121;4755
5131;5581
1402;2292
8272;1758
1458;6579
5352;3608
4936;4353
3596;5295
2824;8588
7262;3820
4232;3859
6205;8161
6804;686
716;2386
9893;2767
4158;9242
3548;7914
2028;3888
5613;8626
6581;6720
3222;822
9061;4467
2337;1677
5953;30
5150;6722
3287;491
6379;9908
2027;9775
6748;8638
9495;7476
7584;2090
3830;5436
7352;4595
8688;5163
7230;4421
5013;4431
5071;5284
4085;5562
1821;4147
6813;5685
5719;1510
7769;6552
5130;5615
5703;5772
2259;1584
6454;739
6165;368
3781;2060
2864;5511
1039;3020
8009;4683
8978;7174
6917;8833
7016;4203
3916;4968
7215;9934
8494;21
5468;2447
8014;5959
2595;1700
4082;1502
8094;9985
8662;8646
1659;4795
4624;3393
2837;3032
9886;8620
705;9140
260;8935
1723;8604
1142;4560
4196;9315
3288;8866
1617;6415
3089;4217
3792;1085
3804;7255
696;9575
4783;1468
9388;1941
7479;4004
4392;9223
5736;4691
620;1062
1716;5301
6852;958
9978;3634
5084;6538
9198;2998
2263;6632
2006;3022
8011;5712
9444;2270
9369;6708
4239;7990
6558;4774
967;7483
390;7951
2728;6505
4229;5946
2258;6548
6761;6462
1345;1405
8468;5617
6359;593
1955;2526
4688;8924
1661;5312
1902;3079
3248;4572
5848;1870
6304;6191
5519;858
9021;8078
6624;148
5231;1039
8222;7300
1737;3255
3196;6432
6736;7523
1167;2832
8356;1159
4541;5724
5715;6974
5655;3649
5819;632
8777;5383
1776;4899
5368;3077
2986;1860
7985;8574
8249;3930
5662;8517
6316;2045
9765;846
8203;2300
1925;6173
6450;9837
5537;6352
6951;4032
3278;59
8878;8990
3937;2788
6562;2267
1979;5339
7799;8624
6038;5097
6702;7026
6576;8572
7150;3369
4491;4066
6749;1466
3610;6926
494;479
2429;9864
6003;9737
402;2112
4242;299
8977;6078
6249;3621
2843;2614
7657;9973
2591;567
2331;7516
1638;8742
5259;8592
1338;4219
8410;399
385;1047
9176;2055
4988;3990
9449;2177
3175;356
6261;7433
9555;6186
3891;1738
9562;5949
4164;7921
6513;2945
9702;3599
5565;230
2023;8756
6873;6533
2696;1495
4516;1852
1314;2569
904;4870
2275;161
8427;4508
1517;941
1696;9282
7267;2540
6630;7677
4397;6589
3251;3014
2296;2095
8737;761
568;6781
2637;9129
408;4393
9613;9842
8432;4835
7394;2613
4930;2707
4310;1341
9740;7584
6510;3656
7745;1905
6200;1149
8416;7452
8052;4634
2012;181
1594;8225
8377;6373
4615;8022
9365;4547
750;2787
2537;8535
3703;3124
8271;6235
5597;6041
9108;9132
1249;1130
4848;6485
1541;5428
2409;8591
201;3703
2240;206
5196;9952
1610;3336
2511;4636
8004;6851
4386;2082
4528;1383
1400;1857
4657;4039
1240;9015
5854;9480
7931;8389
7652;9589
9968;5220
2247;1981
1563;9681
4376;4709
8136;8811
965;9259
6498;5594
4090;3578
5388;8043
6046;5167
9236;8305
7286;9508
3867;5541
2700;7767
9630;3398
6272;2372
605;5392
1184;4014
95;6696
3820;6016
3953;3019
3614;5700
5787;3832
9476;5988
266;6170
2932;7691
8258;6846
9202;8526
9588;7816
1646;3668
5707;1933
8035;7283
617;6962
9197;374
672;1939
7577;7417
3028;6896
7400;9288
2540;5042
5202;9306
3129;4001
616;4916
6430;9512
9854;3688
7219;4106
3713;1516
8126;1344
5520;2931
7338;1902
9802;2558
8336;5526
9417;1848
189;735
7134;3202
80;5805
5469;5790
4075;9248
8370;7249
8077;3735
9820;599
3359;5261
3698;661
7296;1422
259;8148
5661;2448
2957;9910
7794;5654
8550;2920
8757;8573
9707;5018
5669;7652
4837;4583
8403;9470
3215;9297
6026;1646
4187;2822
4191;4530
1480;178
6344;9350
2084;8469
6704;6529
5744;5101
3482;8809
8764;5886
1377;857
330;7235
3619;2157
3973;3813
8577;1348
6639;4282
6949;8428
4608;596
9066;7944
5149;5443
725;486
3308;2746
3368;9467
9012;5667
1123;6996
2754;1103
7125;270
1140;779
8270;7949
7237;6521
6976;5925
6887;4116
3960;8361
5822;1819
7128;3977
2438;1898
4796;1680
5674;825
8315;2205
3911;6318
5227;5863
1294;6329
7339;4423
4115;4148
1521;5628
9484;9574
2535;6113
51;3416
9852;3614
949;3073
9655;675
2694;8352
5271;9080
8580;5260
7304;8365
8488;693
3180;8087
2560;3551
8685;6672
657;4482
7375;2283
6541;1574
3805;9863
3082;1790
6263;927
5631;4693
9672;604
8225;4998
1317;930
427;9567
6338;7473
2402;3206
2809;2289
2689;8440
5243;9532
203;5256
4585;1168
3567;2432
6641;3771
8683;2927
7780;9421
2484;2320
3243;1606
8454;6032
6364;6461
5840;3437
4257;1079
4472;6486
1361;3647
6330;7578
9458;2116
1920;7745
8701;6341
9941;435
9647;3561
4604;8362
2616;9970
5176;2708
4974;6664
612;4287
1500;2163
3806;3013
3299;3375
4497;7368
2823;8115
4912;6276
7242;3853
1867;6476
4968;6037
1581;4699
6774;4445
3509;2209
3712;8528
3943;7048
9862;474
1102;6221
2750;9103
4414;2951
9020;5653
1128;2402
3214;443
5430;3436
7129;4507
4281;5320
3280;4181
5362;44
411;732
8870;5478
3363;2407
5144;8147
24;9570
5087;5631
4313;1777
2184;3761
6239;5328
289;1371
4697;781
3520;6168
2639;4995
5589;795
7456;2368
4707;6319
8995;5123
6135;8728
993;4942
4382;4729
1290;3882
3306;2807
8573;2803
3364;3394
680;1403
849;2363
1198;2091
3675;2310
5226;8195
126;7200
5578;1767
8274;6179
3714;3691
7855;3331
5128;4660
9323;2309
7808;307
553;7152
9855;7585
1711;7071
8075;5272
8473;1558
3258;3855
4252;9762
8812;7199
5293;5497
28;8092
3788;5302
9973;4689
4261;8726
8255;4797
7696;2451
5029;9346
7374;586
9982;8547
4542;2202
4103;8503
9079;389
6086;9484
1837;5007
9945;9141
7295;9069
6207;9386
65;7704
7763;2208
2575;6641
6509;8630
4636;6697
4793;6793
9064;9773
1228;1611
9183;652
9243;6804
8871;3492
8164;8671
5623;8678
3636;7345
1047;9560
5373;1925
4149;3147
9341;8844
2434;8473
392;7568
1275;7409
857;5591
7264;6576
5436;3565
2316;5282
3144;5588
1847;433
4020;5540
7385;72
7480;6136
7510;5634
2242;4084
2543;3
8541;914
3113;6290
9844;5962
8297;9530
8544;3195
1949;1140
7764;4486
3104;3620
4565;6668
7773;7512
5902;3174
5755;475
1217;9628
1322;6626
7749;1458
9501;1952
7381;3919
5659;1093
4696;815
7331;5748
2992;6015
9032;6224
6227;6524
5179;4416
2165;1290
5049;5165
9891;4776
2312;7559
5860;2233
844;4081
7842;2696
2919;1830
7786;4399
457;441
1997;5142
2613;2635
4633;8698
8705;8529
196;9216
5532;4492
7753;4816
8045;4517
1470;1567
1520;353
3047;5435
2020;9340
3496;5317
7836;7354
6050;4214
6119;3640
7183;8058
4259;4923
9060;110
3022;7455
5191;1221
2464;5382
9072;4239
2466;724
2661;6774
9111;6408
8146;6347
3821;2679
9681;7954
4898;6852
1781;3490
3956;1704
7766;9235
4268;9882
7707;1167
3625;4974
5309;1676
7371;2142
9969;6080
339;1871
4008;8842
8788;3746
1822;6376
1127;3845
5951;2281
4877;5006
9592;3407
6174;7083
9771;1269
9419;1294
8278;1063
9229;3033
5899;716
3174;8293
7648;6143
6797;933
3612;3543
7955;3276
8534;3689
5935;5554
1293;5857
176;3430
7318;9385
6176;2101
4932;5321
4578;2590
4658;2461
5188;6108
1017;1802
4052;1196
833;3787
6787;5706
7247;9450
8124;7983
9253;6048
9452;160
3279;2117
1130;1760
3505;6010
4991;7485
9734;762
3833;9045
5001;2552
4255;1120
9782;1731
3025;8852
2703;8805
1647;1615
6783;5981
474;8559
4677;8527
1222;7259
8515;3412
3441;298
8352;1386
5691;3383
3779;6764
6142;9427
7679;8390
5580;141
5833;291
91;219
2631;5346
952;108
977;9595
6329;2626
6020;8422
3230;8851
3570;7997
701;1478
4462;5625
1452;3424
3586;8874
4619;4805
9720;7276
2212;7243
7241;1609
972;6302
8463;5831
2077;2937
5435;9252
5106;9894
7935;3075
5066;4804
7952;5898
3021;6414
6757;5427
567;1526
1986;7301
471;5496
3091;3737
4038;2096
6884;4678
9841;4007
1144;2835
1666;3863
2528;6820
3066;960
1460;9328
532;438
1488;8312
468;605
5463;1809
1462;2099
3410;7190
9985;3739
9489;6805
1970;283
2488;4464
8552;1546
8019;362
4430;2987
9823;9800
4790;8583
3418;1217
7495;6778
5810;3607
6613;9516
1819;3515
654;3676
4102;2297
6759;3346
4771;4109
7260;4730
3054;1339
4436;8435
6071;4379
487;8745
5017;6351
505;6082
2923;2080
6734;3245
2477;7101
396;2750
658;9782
9242;9460
8818;8443
5999;2337
5985;2107
4469;3404
3158;1847
4671;4132
6895;2790
9754;6992
1858;3822
2527;8417
9047;2867
9158;2544
1182;8530
543;5887
7515;5848
2860;5381
5699;842
8762;2453
4661;9643
4939;287
4795;1198
4838;7004
2933;140
3273;3816
8634;6671
5925;7693
1489;2798
8353;5518
8603;6294
5504;4224
513;9824
6459;5798
777;431
6847;4723
174;2702
2072;543
2260;8789
9512;5622
6971;2820
6940;7432
7945;7384
1136;288
9116;9596
3127;1449
1224;9177
6867;13
8162;4164
4855;1686
792;4601
6184;4215
6658;3568
4007;8736
9997;8895
7676;2511
4589;7162
2794;5614
5816;5875
9085;9473
6475;3674
8623;8723
915;35
7490;5974
1528;1418
1000;7093
6605;2189
4399;8019
7913;9537
9263;835
9660;9357
4519;5876
5347;4953
2882;4888
8292;4095
7140;7055
9216;2944
3142;8843
8539;4135
6245;7411
9870;8707
7425;120
2099;7994
5330;1134
104;7530
5885;2408
5687;7090
8772;6953
4311;1678
7887;7525
8893;4430
1235;6076
5990;5992
1775;1215
6791;4967
2773;4096
1330;4266
6114;2754
7772;1076
7154;5859
549;610
3085;9768
8548;9964
2286;9042
9874;6815
9566;4962
7872;1108
2432;7094
4938;2826
1425;6847
763;7762
2740;9071
2679;9461
272;6748
9873;2349
5765;9674
4913;1787
448;7655
3008;8436
8263;7871
5475;3373
2385;4886
6506;8152
7730;9493
2410;6178
5387;506
2041;5135
5338;1995
8435;8141
4888;9271
7527;57
2321;8891
4359;4822
4001;3874
5596;681
2590;5485
7940;9318
3371;3917
5167;2555
9438;4591
6840;8857
3666;487
7860;4471
7591;956
4068;9433
1005;4828
2002;7334
215;5379
1346;6205
7726;4048
2942;1634
1785;9000
3694;2551
8496;5393
1154;1178
5841;4575
7109;3030
9959;424
6928;19
7166;5280
3307;3918
4306;9605
3434;3658
9482;7856
2805;8568
7000;2068
294;1232
2648;7719
3627;4849
4616;5811
3808;6324
9040;4362
7540;6320
8915;9542
1045;9405
4594;6118
3249;2957
4300;1336
9114;1262
1519;3724
6936;7958
9804;6174
6695;2780
5698;2585
1493;1307
8398;8923
892;1188
2640;1426
8428;2865
6905;3123
1761;3335
8227;4304
2831;9502
6557;4278
3966;8974
305;2619
6264;617
6961;7041
8771;2992
2799;4131
8406;6813
2063;3376
9963;3334
3383;5577
7284;8864
1013;7462
4804;6204
624;912
7174;8260
5934;634
8513;7358
7654;4603
5409;7540
8725;2732
2747;7917
5528;9137
2958;6735
1081;1407
8167;3303
1725;5937
6942;7413
5539;6690
3778;1940
887;6796
4867;3095
7160;4997
6877;4052
8814;1190
8622;1810
7789;5807
198;4344
6336;2347
5496;4778
2746;8341
20;8321
3518;5368
2853;4047
324;469
7717;2914
4966;5267
5077;991
6841;5587
4979;361
2783;8946
3019;4932
484;7348
3081;242
7179;645
9699;6197
7182;8064
3046;5893
6193;4830
7332;4053
9715;5869
2150;3253
9199;9792
7421;9972
9170;8498
3360;6011
6896;7067
7246;6148
755;5854
3076;798
2670;3441
4369;9117
8371;7570
8127;9190
4518;327
3136;3885
5977;2044
1846;2950
8013;972
8478;94
7520;2278
731;8981
1529;2286
6625;3035
2725;3730
9117;5413
9387;7392
7458;2605
284;4112
4949;9593
7706;5306
4545;4483
9736;1152
3828;9701
4691;4171
8689;8608
9608;7731
3122;7351
9297;7986
6146;248
2550;5048
9264;4450
3542;9057
1751;8986
728;6881
7376;1536
2355;8123
8314;9968
2179;899
2320;644
4572;1650
4531;4720
2378;8465
3598;3474
8988;3721
248;8919
7592;7715
3995;9731
7424;9988
957;8861
6556;8718
6065;4162
5337;6416
3511;339
2826;5244
8743;1773
1324;2622
4116;6590
4434;9390
6049;2952
6123;3916
7621;7611
8010;2285
2029;4326
3722;7479
9390;9790
8847;2996
8926;9148
8638;2664
7564;4823
8393;7608
9189;6879
5219;5945
9815;3569
8645;6259
3664;945
1271;8937
5108;4204
3628;9994
2018;6564
6601;6863
4004;6816
8783;4363
250;2071
244;9999
7926;9632
8537;3823
6321;3754
5395;5151
6024;52
5224;3231
2207;6539
5306;3059
2186;9482
7433;3862
8980;7273
7774;7098
6431;574
7419;7849
4923;5980
9642;6839
1940;45
8923;1289
6014;5536
5836;6020
990;3713
5021;3870
7114;9835
9756;3657
8919;7313
4536;967
5874;7908
1983;5539
6758;6654
9961;3440
6118;8795
8896;8142
290;671
1216;8582
3023;2676
9614;3904
9860;948
6614;5126
8797;69
8025;8825
7968;7859
5431;1490
3992;3911
3283;7838
5535;8873
2844;3510
4270;4588
4778;4767
5208;1552
3543;6465
3758;6859
9454;8969
5632;9740
6743;3698
3527;336
5887;3633
1772;5867
2149;218
8123;4250
937;1508
6543;6267
3033;3644
8023;7503
4943;2353
8905;7429
6574;4779
8384;9535
3143;344
8408;2178
9394;8295
5941;4571
1966;2531
5037;2876
2155;6655
1875;627
5706;1988
6826;6518
2868;4091
5908;6316
6141;9309
6213;7211
1882;3897
4456;8251
9585;2259
1719;8585
520;6585
5444;553
7423;7972
473;5828
94;8759
5889;7022
4247;2830
2126;1744
166;275
2198;6658
3872;6924
767;6069
476;9158
6540;5823
5791;4454
6839;3065
2798;5564
7546;1486
5386;6931
3604;7700
9688;5329
4822;1451
3963;4041
6415;8684
9295;3142
3692;8599
367;3705
3484;7919
3932;3188
6863;4900
9088;1620
5731;6743
1774;4293
6185;4686
1029;5001
5545;6965
8800;1463
8883;150
9255;6547
6648;3170
5516;6618
5804;7450
2239;1827
26;9751
3382;618
7088;5756
5102;7987
7526;7320
4945;891
2058;1796
3247;434
9783;5263
5465;2670
9690;4277
114;8824
5035;9462
4060;2978
7120;3702
2544;6496
4086;2056
2592;3172
3217;1765
9915;6734
2941;1368
524;24
8264;1554
1653;7558
6593;2265
2561;1484
6934;7059
7028;4783
486;8462
2771;167
5483;8888
4766;8533
9525;7589
2687;4657
7865;3312
4222;492
4765;7466
2197;2352
6495;1280
2427;2930
1433;3091
3305;1340
1311;723
1110;4557
4499;1456
7211;4054
8586;93
3335;3854
5333;9954
3588;430
4953;8393
9956;1402
4845;8244
7066;3054
601;5986
5671;398
2659;9580
8347;2893
8956;2404
9704;2154
7244;8508
9177;2072
6295;5416
4131;9821
4810;3026
2558;4186
1372;7829
4122;8899
8466;7705
7933;9867
5438;7928
2641;2348
4538;6566
3549;2255
4639;688
3769;1761
2985;8619
5185;3581
6548;2968
2737;8002
228;2042
410;5826
6911;4198
3152;7226
710;1874
8114;9231
7553;907
4560;7648
7824;3673
2686;6217
8458;7046
2585;1483
4722;7828
9087;3232
2949;4323
9887;5484
255;5975
6608;4499
1026;8319
1251;7961
6206;3166
694;4750
4770;1292
4984;3058
501;5820
9294;1947
9130;8197
1464;4221
2262;990
9278;4387
5541;2755
9576;3135
6569;7718
7186;3037
888;5060
4244;9927
5563;10
6167;5599
8299;5245
796;7765
9073;502
6152;2504
8376;6268
6023;7030
7840;3986
5016;4556
2334;4929
2704;3514
3600;6609
162;7636
2076;9969
9325;3706
1599;3146
15;2424
70;8978
8584;834
7715;4663
3100;9417
9622;4120
8188;860
3492;8262
2820;3580
872;1074
8609;473
2313;6291
5536;8235
566;6301
3207;4613
9070;8299
4132;6669
5682;8910
6520;9082
3284;5194
4190;5742
5997;4154
9290;7242
192;9213
7357;1229
8085;7122
3503;828
6396;1643
2152;8651
8433;8660
5414;5494
8450;9166
5738;2247
8259;5465
8142;9449
9560;419
3819;520
4385;2976
6250;1789
1550;3504
99;1291
6912;2559
3164;2935
2955;6886
2064;6686
8113;9805
7638;8254
5712;4111
8945;7453
8362;6532
7943;2716
7481;1408
604;5023
9503;4402
7171;2093
4959;3343
7900;388
3272;7579
6554;7132
2267;1283
2030;6907
7682;2665
2833;625
5562;5334
3811;8803
262;4758
9468;7847
5675;1805
2519;5122
3790;3049
8280;1633
757;9991
7533;4403
3419;8477
6822;3286
1739;3349
7272;3690
1713;3212
5813;2151
3876;5546
7475;3366
7377;5054
1764;5258
5346;6644
8484;8199
8172;8548
2083;9616
4092;3846
1191;8872
9845;711
2706;801
8396;1118
2447;318
7521;4961
2078;2456
5326;1591
698;9592
1636;7953
2847;92
8855;4824
8027;4607
5586;7012
5161;9920
3295;5241
3582;4255
8239;5635
1611;9159
8214;5130
8051;7163
2814;6718
9924;5479
2244;6525
3812;4034
163;337
1203;4248
3823;7229
6136;1394
6288;8045
3457;9614
5734;9009
3487;7405
7871;7918
6805;920
9201;1366
9697;2381
9947;1616
7944;6131
4395;3476
2168;5384
3768;2645
3353;7931
331;684
8890;6410
7623;9783
3035;8325
3599;2550
8786;8144
1442;5908
7709;5506
8827;7728
951;8893
2702;5461
9565;7459
9644;6702
9742;2336
4225;2243
7650;9680
2735;1504
3752;2156
5443;2430
8733;712
9055;5928
946;4761
9492;8945
8355;4597
9738;4731
179;2571
4561;4247
8564;2848
287;8523
9348;8930
309;2837
7859;7858
7177;5572
8582;7343
1792;9016
4892;2275
8867;4765
5007;4103
7951;1784
5758;2134
9710;7265
7165;4129
6452;7970
2483;4169
1526;9866
8497;2817
1946;4712
5525;3435
2615;163
4990;5883
4124;993
2004;9125
379;6279
224;6986
9291;4046
1708;8629
2915;5013
5919;3750
6283;8761
8778;1950
1720;3922
1960;7146
8021;5606
9338;9207
6113;583
7695;4384
5039;3728
7132;676
5980;6160
7916;8703
5713;5610
1097;3089
6720;3027
9277;1859
1473;1066
2166;4850
3626;6332
2031;2840
6314;2539
4552;2640
3663;6288
6083;2508
1591;3972
7298;5333
3374;4236
6851;7414
9732;7456
8853;2490
7285;3843
44;6999
8185;3848
4571;4286
321;8617
4815;5072
1079;1525
9316;9995
2651;7623
4776;9689
3799;3838
3016;1216
4757;8709
3814;4257
4678;1078
4601;2943
4171;1053
2567;9640
8354;8076
6021;7840
7552;6162
5356;406
7971;1518
1566;7864
5718;514
5384;562
9265;250
8207;5360
2175;9371
8665;3218
2317;9110
3723;3709
2476;8408
2655;5415
708;9591
3037;7592
9986;1708
2672;9186
7310;5015
1316;1897
3871;8047
7782;3511
4141;9760
8266;2993
4465;863
2554;7277
2969;8054
4391;6633
8718;8682
6620;6920
1215;38
4241;6405
5451;5592
6580;3878
7102;9658
2813;3868
9611;1517
6076;4577
1004;7388
546;4249
7597;5508
2330;1881
4130;7204
4408;1627
4891;3780
8720;8532
1092;3282
4805;9035
2865;5675
6681;2446
4763;6053
4632;223
35;9945
1608;2130
7567;3567
2005;1049
7162;7660
8130;2183
6339;2482
8254;780
908;8915
2927;5626
896;3817
1393;7062
2709;3498
387;7309
7911;9138
7658;5531
2572;7968
1369;6202
9098;642
4221;3098
6570;9499
3128;1894
8815;3471
2246;4419
6738;5978
6739;8504
4487;568
82;2061
6427;3587
9679;6837
1395;7469
5653;1105
288;4810
7746;5864
8439;255
6862;3506
4896;5017
8147;7444
3375;9261
6772;952
5551;3856
2757;8143
783;7468
7946;289
5570;4707
4760;6680
3479;9571
836;7685
8327;7339
8411;4515
6350;8800
4453;8070
5342;4348
4957;4300
6100;4537
9709;4753
6807;3258
386;4917
1652;9590
4040;2252
6486;1457
3020;9893
5680;592
4839;9521
7598;1145
2681;6406
1851;2994
9336;6150
7276;8052
275;1999
6439;1173
6424;6105
3736;5174
6140;3150
5581;6739
454;7819
5994;2083
9333;902
5561;9410
3068;5294
6746;4845
7470;706
3024;6147
3557;5186
8928;8104
9582;6382
5780;277
8429;3818
5949;8439
3704;7230
9752;5055
7045;87
9714;1070
1531;9236
9459;7489
3668;2458
2314;9578
8394;9769
1497;9933
2983;8775
3605;2971
3111;770
5554;6842
2903;1589
2548;3448
2918;9510
455;2742
2920;1967
5974;4733
6643;3513
1382;8020
1968;3570
349;9907
3469;6574
2065;5915
7643;9850
231;9764
6417;3154
1220;3763
9335;2761
7924;3631
8865;2861
5461;4105
7001;8343
5180;1212
9288;3606
4599;5690
7996;3928
6282;2299
4202;6803
9188;5475
7922;6134
466;5423
9678;7662
4307;7680
9464;3402
8204;2015
6856;3558
7993;9996
9538;5474
7068;7272
5175;7880
6153;5973
4162;4846
9463;8112
7857;6195
9695;4073
785;8885
9355;8570
4704;8729
8817;9528
5553;6557
8337;8066
273;6088
3297;8338
4659;7714
5851;8903
9450;6994
2342;1345
588;7818
4525;411
6619;9779
7984;5176
5576;720
5432;5349
1918;8032
4994;4910
614;8855
4483;558
9121;3302
5873;4682
4383;5398
5608;7943
1509;5352
5890;7206
8442;1816
6854;2677
6418;8491
1272;2277
7086;7317
6909;3385
8546;7938
1850;1936
3996;1207
147;824
341;4524
3403;1434
8229;1879
6062;4705
1495;2983
7920;9165
2094;7216
5050;9115
2223;7379
4108;5206
7323;5969
1816;5825
6251;4121
5129;3391
2457;8515
1508;5623
7616;7977
8213;4644
7163;3716
5920;4487
2968;7064
1484;5719
4062;2776
5638;6229
9071;4545
3743;6295
5550;7050
2778;6252
6401;26
5886;603
7327;2860
2383;629
9529;4465
2623;8349
173;6058
8043;1922
9152;7737
8834;7982
816;6208
2417;3660
3412;2506
1607;5224
7279;3134
9884;5286
4821;7357
5245;5803
7235;9983
1050;5278
372;5288
2977;5668
5803;1015
1951;5794
5014;664
3055;7802
7858;153
3330;9918
1111;9203
9851;2126
5030;5486
4709;659
9533;3155
9990;7312
4761;6236
1728;2763
8470;3211
2230;6775
7917;3254
7444;6586
3983;4071
3240;9899
4690;995
7008;8887
482;7689
3856;2570
8040;7752
2759;1000
3535;8970
9623;1720
7349;6480
7105;2159
7383;5832
9654;8081
1173;6007
5160;8209
4439;8336
8197;1975
1440;78
7040;6888
86;9109
1740;2147
291;2903
6612;7169
5070;8659
5767;9514
7713;8090
1748;8552
7819;5409
3931;7362
550;1754
9429;3382
3204;9354
2472;6939
6996;2741
802;9476
6231;8441
6843;9048
9377;1519
8996;8611
4676;4695
6094;6151
6190;1293
6893;1772
2832;753
1584;86
661;6943
7792;657
5746;9715
8359;70
2911;1727
6380;3006
3080;4357
1579;5056
9578;2217
425;9810
9318;1220
4634;7822
5547;7717
9572;1732
7408;6356
642;6894
9603;9795
4801;6954
3661;8699
6483;7725
8728;7878
1083;6536
4854;7534
1651;240
3199;2793
2994;8201
8316;5896
6511;3103
6143;6206
7800;896
7699;3445
8312;5153
3917;5968
7625;4367
9557;7078
8575;3012
9293;6843
9147;2863
6501;5377
9619;8238
2192;4614
139;2519
7601;8613
5182;3937
4627;2515
781;3252
5232;9167
9182;8622
504;3574
4534;2328
1199;6477
5115;7950
8806;247
3065;5481
688;1529
5986;4220
4204;3619
4893;7631
2489;5196
4798;2918
8049;1380
9433;9847
4347;2165
6634;512
326;606
2930;5503
8191;4864
2717;7799
6568;938
4354;788
5323;2020
603;5307
2943;8028
1474;2546
1833;2115
6079;3553
5421;5462
456;1764
2117;2497
6132;11
7755;6057
4606;9746
8702;1801
5866;2607
2071;8750
2451;9078
9853;5447
3800;343
4712;5809
208;4144
3060;2594
3275;4119
1712;3204
6332;9703
5832;2789
689;7763
1551;376
4546;3352
1259;4005
3048;1884
5391;7703
640;4876
282;6435
3715;2684
9090;8870
6197;4568
6668;2985
9795;253
1877;4388
5307;4792
7585;8316
9437;8814
9150;9070
1689;4400
2255;7195
2508;7642
6092;3225
2891;6052
6009;532
2953;8807
4850;7341
9146;3877
7509;2709
9665;3317
3392;2810
2780;9073
4461;6705
1586;7382
9240;1008
4530;8983
4879;413
7403;8813
673;3496
4902;5816
1613;4311
229;125
4857;855
1629;2538
3750;1247
6494;1763
3141;3985
1419;8116
1430;7860
3205;7695
2394;8173
6534;4479
6195;7887
7013;9136
2908;8245
2756;1965
4071;6139
3742;3156
7022;5285
2127;4190
9708;4637
6526;8442
693;5633
1391;7555
9407;8614
9502;2014
2956;5746
6465;3109
1286;9349
8808;8537
9109;6199
4581;1891
9427;8253
7072;3446
8018;2547
8631;5468
7392;3682
3259;6333
6334;9
2001;2784
9869;8509
8601;4798
4808;9403
9165;9926
4570;8513
7550;9818
6573;3235
784;5885
7259;9431
479;9285
5694;1740
2158;9422
5450;1377
929;2666
6302;3890
8131;6606
7152;7709
721;8184
9315;7804
999;6120
7710;3340
9516;53
4316;179
7314;4473
9691;221
1410;5205
8462;3795
4280;3071
6102;5788
8024;9841
6770;41
7467;2000
8506;1669
5605;3833
918;3177
3160;2584
1545;885
5650;5773
9056;6701
1896;4296
9030;5664
1620;6248
8696;1275
3817;1579
5679;3671
2324;4840
6692;8816
9542;5063
597;4518
5975;1792
9712;2058
4230;7240
5466;5148
8322;1266
4944;99
6096;6757
3494;6201
7107;8708
5214;1775
4682;6070
3816;8879
3561;8586
3988;2382
9894;5866
9888;5747
9465;7275
4955;2145
7491;3952
1450;321
63;5274
1976;9058
966;2777
562;4463
5028;7581
976;1753
6444;4972
5360;8433
5668;2513
931;7750
1381;3465
4702;8172
7513;2854
9650;1392
4906;8284
3078;8384
8903;5473
8959;4167
7531;499
6528;648
9817;5359
8927;5758
9671;1600
5594;5543
9345;1288
269;9003
1843;3306
6637;5985
3448;4862
2003;5330
3040;2358
3978;2595
4799;4928
4051;2465
1883;5984
7406;1641
2744;2282
9848;3667
6675;4531
5806;4228
2749;4244
7258;820
4792;5829
6170;6086
4182;1723
3680;3980
5133;1648
7905;9100
8330;7687
4884;3489
4470;156
9451;7813
3478;3056
1366;258
3587;1186
5114;9256
2499;5114
7781;9852
8245;1642
1525;9803
6728;8993
120;4194
6273;8829
5374;2534
2571;6553
6228;759
985;3298
3118;8603
2758;2471
7386;1364
2576;6269
4045;4885
8230;1982
3101;962
9490;5838
6391;1766
5722;4891
814;7909
6084;9191
218;9488
8187;4312
1213;439
2606;3517
4377;7935
6214;5721
8224;8016
2577;6490
1736;2023
8984;9906
1742;687
7111;9381
6068;6039
2163;4152
1956;3913
1492;3778
3462;4434
9037;188
2536;3105
8487;3659
1700;2221
342;4061
1623;729
6257;9997
6006;1992
4426;540
9828;6283
1752;3119
1596;4996
8535;3230
8106;2485
378;9585
6992;6119
7337;2323
1597;7408
5726;8322
9913;6428
5471;2009
8748;5140
8189;8296
8899;8165
6984;1682
9977;1644
4121;4666
5145;2591
2665;7233
9324;9382
1814;65
3072;3299
9581;9290
5624;6829
4887;5755
5685;9713
3954;6424
5582;9030
4605;3500
4897;8170
854;8318
9589;9454
5396;203
6425;9515
5641;7896
8372;2098
9174;8623
4289;9646
5911;1176
2710;3942
7277;1807
2042;5103
2555;5166
445;8525
8003;6061
2436;3115
983;2710
5118;1522
371;7732
4978;3797
5996;5520
8366;4166
6129;7496
6741;2813
7801;5438
2629;1073
9834;6488
5788;1880
4591;5948
7803;6617
4418;7543
7938;4263
8087;4548
9514;259
5878;8158
9645;1123
5629;3481
9455;4879
5358;8371
8;207
1115;5144
6946;6242
3961;5053
8144;1080
8591;132
206;5996
7504;7460
3951;4359
3380;3066
2931;5938
2095;1833
8675;1821
2116;1030
1669;6071
1544;1330
9469;9415
1281;5203
4785;9698
2181;5031
325;4808
5009;4060
7565;2897
9169;5953
308;3901
297;969
3301;2536
8578;9583
6468;6006
6210;1489
1972;3104
2231;9077
8348;6175
8851;8438
955;9688
1380;3755
502;864
9931;3799
2390;523
5672;5630
9546;8721
4724;3130
6203;227
5689;580
6005;7513
1137;3368
3407;9303
4451;6515
5152;9222
458;1351
6842;450
9472;4442
5592;97
303;375
2420;8131
7449;1826
2669;237
8774;2344
8975;8490
2714;816
1165;6455
9686;9420
5266;785
1640;2361
8901;4333
8844;9438
7418;281
8656;367
9534;8274
2871;8494
8070;5907
6055;9241
2812;9171
1333;4042
6407;1440
2374;722
5402;7364
3255;6398
9727;766
9774;2472
2879;2245
313;3635
6464;1914
4643;1163
9839;2625
506;5190
8179;7359
2193;4432
1059;7960
9312;7692
4989;5357
3857;9607
1334;6232
110;6971
1762;442
8241;342
2249;7486
1903;6152
4784;6726
6455;4724
1854;4189
5139;2425
2944;3544
9440;4347
5439;3840
4723;4909
1515;6500
1511;2618
724;1160
1810;4383
9396;4023
4507;7827
5915;8804
7482;8794
4679;4159
8247;5853
8650;3887
2529;6427
7364;2548
7500;1281
3245;6935
1354;3719
522;1715
8723;4319
2056;4044
8122;6025
4061;1918
6242;2845
8679;4395
9646;9299
2803;1639
2016;9819
5489;7842
4864;6631
2594;1359
3667;6045
7868;3050
8740;6075
7155;8827
734;1226
6130;2051
142;8884
5460;9639
950;7711
590;576
7055;6703
2586;5871
8914;3910
9700;6864
2851;1906
1100;3157
5429;4668
1028;5705
3515;8584
4986;8949
8091;6421
6429;2376
9875;8531
416;510
5549;1181
1106;9798
6025;290
8037;5171
4725;9212
5433;3242
3643;2573
4800;5133
9206;5697
6517;2771
9718;1631
903;1228
7225;7710
1034;257
6725;9846
4609;8782
7137;3148
279;7810
8201;9496
9142;5736
7399;3449
6831;5951
8999;9457
5657;5342
1494;5704
7976;268
2929;2436
5148;8593
1600;6627
5779;9729
3323;7192
9883;8859
1815;9005
8608;2475
7037;3344
2448;1610
293;3419
1857;2018
9810;1175
7816;3491
3344;2334
8930;9831
7043;8839
9909;7891
9599;154
2810;2109
1559;127
8897;5933
9065;6499
1412;6791
71;680
5864;4641
626;7515
5826;2962
6892;305
5522;3233
8296;6885
9099;5872
3843;164
1694;4327
283;3752
6982;3959
6766;1111
7742;886
5729;3540
1406;9619
1622;8088
3609;9949
21;5323
3132;8079
5055;8965
3056;4882
7947;9054
5984;6779
1206;4107
6202;4390
2795;5449
8859;7869
639;5096
8824;3319
6387;9891
7344;4784
7684;2434
6551;7422
4317;937
6802;7866
6445;7149
2552;6094
3313;2220
1376;6386
4033;4343
5086;7845
9329;4339
2502;1068
7322;9089
5079;3881
5938;650
7464;5557
8589;3484
9515;5743
2053;2636
893;6506
1349;7197
2671;262
3193;5216
4118;6364
5054;6733
246;4411
2070;5251
3550;23
1170;5197
6472;4737
9136;5657
2688;2033
3126;4478
3337;6607
2067;2261
1805;315
3378;8762
8489;2532
3154;6716
1832;5920
7966;756
608;4269
9213;1395
8202;9286
1234;2628
1826;577
5818;9919
6398;10000
9520;3493
9682;2568
1386;8556
6435;8911
2130;8114
581;4529
7874;8720
3601;6210
1679;3896
8260;8914
1135;6998
548;4279
3396;9905
9632;5637
7209;4665
559;663
9759;1964
7736;6237
9539;300
73;8500
7899;8261
9456;3024
5879;9849
4338;9963
4353;7168
6335;3808
4586;7228
682;7874
7487;7852
8553;8454
6818;74
3333;7440
1798;8411
5493;4410
9042;7999
1590;6402
7631;9012
1673;2621
1175;4302
8566;5544
5681;3052
7499;4584
5923;1626
4213;4336
1353;5765
4737;5844
3732;7232
6328;2327
5937;7395
4424;7924
8670;5527
1125;8359
8226;6563
3930;9672
6284;5624
4505;393
6633;4141
3420;5188
6572;8521
498;9553
3071;4246
6943;8512
5965;2445
4813;3473
7435;6922
7733;6568
169;5077
5198;8697
8281;1895
5601;5779
5766;6292
1358;3834
5640;4944
9481;4428
895;8046
1163;620
8228;4702
964;6445
1578;1151
7384;1338
7690;201
8829;8188
5634;2986
6366;3316
3901;9860
825;8928
4023;7850
3693;4589
3087;4476
9161;3934
6032;1640
7305;7465
9866;8544
8933;5571
1710;2025
3934;2760
8521;8948
515;2181
4415;8757
1169;9788
4840;1867
3569;4146
733;4970
5637;9145
4492;7739
1671;4782
170;4608
6986;4134
6962;8985
3261;5125
8309;351
4875;5129
5442;3575
3262;8431
3182;6458
7929;6516
5792;8402
8242;5074
8236;8400
6737;5003
4272;776
5956;3036
264;1728
7953;4549
2836;1795
9358;3256
5082;8286
9149;6321
5534;3951
6235;139
6751;6786
4215;4861
8221;9613
4027;138
8590;533
572;8610
424;550
4701;1255
8676;5726
116;5593
1370;3789
88;7082
8960;2588
2782;9043
6771;1333
4868;7024
7853;7252
9013;364
6356;2187
5211;9326
2245;9157
9496;5160
5168;7248
9649;494
8388;418
146;3420
1547;8714
3321;369
2280;9865
861;5210
848;7178
9057;4083
3523;245
5098;2509
7317;986
2304;2481
9391;5799
6819;7565
7990;5030
9668;4193
6622;1583
171;8706
9898;764
9731;6765
4444;5538
6322;4396
3861;137
5884;9466
7494;4954
5448;8701
1504;2321
9864;5703
1887;9750
866;6822
6611;1121
92;8138
9031;6102
4493;6163
2785;4157
6081;8313
249;4354
530;517
2061;6835
7023;7251
9368;1799
1446;4746
1051;3495
136;9081
1328;7706
4283;2148
6536;6219
8765;9752
446;683
6168;2831
7965;1240
8943;2587
1777;6982
5000;2775
9793;9836
7274;7488
6343;9250
199;7614
8606;1084
8285;4680
1427;5728
8560;6744
8620;6378
9789;7701
6477;9471
8754;9917
746;9049
8028;2350
8866;9492
3012;4736
33;6072
9836;2362
8877;2369
8722;5311
8734;6339
6651;9540
9461;5124
3315;2739
4852;9761
625;8083
6309;1750
8385;5603
7609;1182
8712;2026
4650;9770
3200;4017
2846;3003
6721;4437
5622;8459
2348;2725
7308;7115
7538;8916
7856;7222
4360;4554
7333;3043
7031;3974
4425;2736
1535;5495
1073;8348
4163;5212
1915;5362
2859;9034
5083;9696
5459;9412
6247;8748
8065;8111
2807;5004
7561;6597
4393;6055
7896;1479
7434;6180
677;7501
8169;8740
7811;7463
3575;2034
2315;2576
2140;2242
1889;5604
9280;6034
3677;4439
2752;8482
8286;131
7711;8337
3223;7353
9120;7497
2849;5172
3751;7138
3868;5737
6932;602
3845;4999
2458;8380
3162;9505
8839;18
7217;6285
3369;9319
496;9130
3355;1284
2806;9990
8993;9950
9485;6923
1914;5957
623;2906
9827;8283
9283;700
9413;7798
853;4424
9124;9745
699;1915
3648;9637
2743;8463
3941;3048
2678;6090
1879;3590
1109;4951
1831;1980
6621;4838
3130;8086
5225;3039
5869;5608
6882;4952
1455;7933
89;6821
7930;4883
9453;6932
4286;6944
9107;1309
5292;4799
6053;6049
7595;2791
8208;5708
2912;3064
921;7885
75;6673
9187;5014
1357;5958
787;8581
1587;2241
3465;416
561;6262
3109;9304
3253;6784
16;1087
2538;9193
4874;8621
7806;5731
4666;6508
684;3199
1911;1889
1187;2695
6782;934
9211;3707
9880;1985
1023;7356
6929;3958
1250;183
5599;3552
8066;1896
9430;564
5904;133
6959;9965
656;3062
609;4488
8363;9711
3431;8917
3389;1776
1941;8906
8614;8858
5783;1557
1649;8232
7090;6991
3405;5105
3260;5502
7320;7779
5073;5181
1576;6361
5796;7374
5901;538
7229;7079
3728;9539
5575;4409
9743;699
7191;2649
7618;2941
8567;6450
3734;2483
2632;4796
2176;9602
9944;5851
1365;5509
6178;4493
8238;9253
6347;3264
8773;853
14;9487
7328;2493
9675;2655
4113;7014
4645;2330
2238;338
2111;3770
8257;1264
2081;5408
1274;3325
7619;7215
7664;6749
3474;7154
5877;77
4348;7418
4551;7617
9106;9588
7583;5760
3735;6776
2376;3898
3526;6773
874;1200
8378;3798
6827;1875
3650;9552
7972;1603
8267;6613
5240;2427
956;3097
3169;6567
7180;8541
6607;3933
7604;2975
8527;4232
1160;6599
7825;229
1260;6447
5097;1690
437;2291
382;5914
2217;4498
2391;4172
9428;3265
9638;7355
463;817
7208;3378
4674;3661
6869;9757
9554;387
6690;9901
7502;9709
4043;5774
4198;7120
353;4950
8694;5332
113;3182
6967;6737
3659;9541
2049;6853
1093;3458
3500;8890
8533;7716
5515;9194
6413;8189
7097;4600
6159;3293
4440;79
9233;3652
1385;2302
6823;9066
615;8478
7492;3008
1283;3748
2762;6507
6672;462
7961;2907
327;3700
585;4669
2119;6600
5110;5016
2739;2524
8001;2966
151;5983
9363;2135
3632;1409
3592;4721
2711;4113
3994;3815
1975;7634
6179;9668
1208;3284
2462;8704
7628;272
8115;3351
9168;8302
2990;5466
7233;4555
3188;5387
3719;5414
1226;9061
4543;233
6857;1455
6816;9008
8129;4629
5751;2808
9970;7733
6705;4280
4200;5727
8205;5689
8989;2262
9080;8167
3608;1245
6714;5376
4481;6730
375;5226
2790;9111
1859;254
630;7434
1448;9218
1583;447
7019;6751
3346;2206
4362;3169
5627;6038
1207;9262
2048;7058
3053;4698
3979;2345
9937;4019
3532;3914
7053;6273
9564;9229
5529;8281
2216;4833
3435;2415
6457;1649
6709;994
1571;6717
5958;9653
6109;2669
3681;1400
4256;5070
1096;4940
7268;7380
180;1437
7367;7651
7334;2030
5497;3468
2102;1401
7426;1654
2708;195
9908;1598
2766;4205
8779;5353
4886;6157
8331;5235
7015;5924
5376;6022
2021;8179
5763;8664
6492;3021
9448;9230
2507;1711
509;8072
7602;2766
8891;6246
7270;5296
6369;2172
1788;7375
9234;614
1530;4125
7459;2740
917;4020
5799;9971
1373;9322
1117;5169
5666;2486
935;6933
3147;1259
207;2168
4238;3101
5355;6383
7596;7545
3192;4751
7570;1219
1928;9663
7460;1843
5749;1146
18;9572
7787;5264
5839;8345
7496;5861
3421;9806
7514;6646
2251;736
1351;2001
286;8752
8801;4284
4107;3812
8008;4489
1019;802
1855;833
9406;9676
9610;5345
6908;4706
4726;8587
2100;7644
526;5364
5815;2011
5229;8663
8318;8774
1744;8460
6707;8222
8802;7748
4503;9010
6662;5766
8100;7047
7981;5137
6781;4561
8953;4494
61;8878
9721;7809
7413;3005
1398;3243
6871;1419
8968;2711
4226;4057
5526;7107
863;4621
7358;8227
7689;4658
4622;14
589;6263
6473;8674
9401;436
579;6834
9241;5289
6060;6027
6056;6583
4556;7873
7563;9501
5008;196
280;6771
4063;8689
7830;3597
540;1561
8107;9388
3322;1243
46;1963
4987;9691
2404;6596
9386;4078
4029;5407
8955;130
1350;9730
8397;3227
4189;9490
4967;5106
6636;987
4996;5395
5372;4018
127;397
7350;204
2156;5394
2772;4514
4547;2756
9319;1783
315;1169
2177;4642
7189;2727
8730;3727
2712;7023
5127;3151
8417;2642
3737;6927
4475;9710
1415;9224
161;7738
4579;4763
9925;4821
5693;2768
8219;917
5776;7369
8753;6978
8780;2378
239;7039
2620;6441
143;8733
8648;1745
9023;5155
4773;7537
8253;1137
3898;2190
6998;7322
1768;5547
8997;6867
1006;9361
8431;238
4325;6578
1061;8366
216;328
3807;2688
9567;9633
307;7637
3488;836
5868;877
2190;6127
8300;6183
4584;9102
5684;6712
7075;8830
1643;4268
3622;6755
2209;6972
87;4397
6088;9636
5053;2366
7249;951
9237;1
9760;9270
8455;5222
3597;2195
909;794
2654;775
2103;5830
5883;923
5595;6541
5987;5749
4524;9859
4432;4234
5882;559
4298;8240
5772;4295
3780;5372
4590;6141
4849;7619
9923;8790
1407;691
4468;709
2261;7441
2683;6869
5116;3100
395;2500
9569;7196
8716;6481
3490;3944
9988;5327
8177;2667
1016;981
8538;8351
5221;7153
1993;5397
8062;5348
940;3296
7415;2227
912;6282
1556;1858
8699;4230
2500;4868
6703;2934
663;6345
1936;8107
1765;6612
9162;9298
2913;1737
6099;5515
4039;7396
7064;2586
8524;5789
3585;3379
1702;8109
9711;4587
8924;8223
8250;5722
5304;96
2473;9513
2465;4491
5332;9423
9232;2354
8831;159
6879;1109
209;9659
8532;6190
545;9197
4478;3505
4558;3992
3470;6973
544;2335
1003;1156
7960;1482
9435;9889
5101;8594
4878;9101
8036;7698
2189;6799
3942;6700
820;6035
8581;3000
212;7542
4576;3617
4965;6798
7275;3726
1514;5639
5973;9734
8892;83
4251;8040
3633;8639
7744;9128
5895;4574
2087;7280
6913;297
4326;9719
8809;5652
4735;5450
7248;7278
4929;6825
6004;1954
6750;2800
3551;2922
59;1448
3584;7549
7161;7903
5002;9479
6392;2864
6950;2882
3903;5778
7197;6630
9625;3425
8756;1342
4334;2537
130;8972
5312;7
3422;2298
1894;4745
2032;673
6784;4519
4165;3096
885;2477
6008;8563
9226;5199
9730;9264
2250;6509
1121;839
9104;6097
5316;9053
6479;9287
5200;1491
4667;1421
4680;8920
8089;3120
1939;9961
5876;7772
1062;6374
7823;8458
412;5620
9641;8007
577;5612
4925;8049
4217;6636
1701;9876
317;5994
1;8472
5470;2604
593;3055
586;7144
2379;8275
3895;1041
690;1467
2845;7303
4206;2818
2228;6065
1118;5476
7508;2053
8760;2633
9305;1929
2303;8449
9276;6166
9038;4842
9910;8995
3466;9569
4358;5655
9617;8632
3705;6244
7927;5304
2988;5762
2551;7793
1552;3214
1560;7569
1527;5046
5126;7419
1795;6167
4078;2139
8055;8374
9993;8067
9624;7021
9362;7743
6597;4927
6073;1786
5652;6340
9735;4025
4361;6430
4336;708
6107;4398
8395;7257
4694;7314
9411;9576
8339;1547
7716;8631
5194;1016
3107;874
3589;5069
5893;5904
2935;2520
2365;9489
9637;34
1866;7778
4250;4913
7661;1544
9478;6196
8939;5991
9173;4604
5867;5970
9076;2387
9658;5616
355;3362
7261;3683
6697;7605
4064;2892
6490;5157
5038;444
3846;4490
3281;3074
3116;2108
340;4414
9737;7775
363;8900
3005;9890
9380;1685
3688;5313
2976;1381
6790;4308
8994;5589
3031;9338
2133;2728
8732;9232
3015;151
3125;3804
7779;3353
9631;7826
575;6861
9184;8908
1197;310
6382;8021
7878;6653
6686;7298
2000;3480
4835;1658
2038;7901
1099;2129
6646;8769
3424;6715
7245;9820
813;7504
6487;1119
9929;8722
9955;3332
1796;8425
5716;555
7936;1698
5670;6107
4946;554
1881;2597
7516;3290
1119;5627
2282;2855
5797;4692
6861;9791
7203;6054
7605;2133
6830;8450
4976;1415
6726;5453
7876;4966
4293;1282
8908;3987
7904;8687
6416;2390
7368;8250
7512;2561
6902;384
475;2774
978;5075
518;8783
5577;1274
7379;1252
1769;8749
5630;1948
7117;5650
9328;2125
6716;6759
4495;2419
9058;9445
6281;8340
6821;7258
7010;1956
9051;4485
53;8936
3686;5806
9412;8493
8244;6479
9689;5071
335;7626
3720;946
9701;3294
5942;4461
9808;5262
8828;2738
7050;3428
8486;7135
5732;8307
3826;7573
2512;7044
7548;4690
7762;728
2991;3556
7194;7446
8137;5184
5635;870
8838;7156
3921;6868
1985;2942
2085;7583
6013;1793
337;741
1886;6763
8511;1007
6171;6306
8561;9337
2124;3883
1279;4773
5247;9084
9404;7897
1204;918
1624;6890
5510;6832
5948;9039
9477;3784
7617;5233
160;1065
6390;3994
1660;3924
9511;6762
9083;6848
4508;7150
7756;4777
3746;6449
6373;6995
4081;2396
2449;9796
4319;8466
6610;9989
5825;9844
7831;4080
4098;1605
8073;7607
1704;1203
3775;7839
4097;9843
2167;3295
9016;9940
2509;4035
5773;4426
4126;2199
5805;2963
1043;4895
9418;2720
795;2527
368;8344
2452;4261
2939;6336
8717;4579
1153;2365
6628;4365
7751;4443
4982;1841
8481;4260
2998;5839
9677;690
1178;5842
1823;3624
7002;4523
6188;9168
6292;212
131;9442
3885;5117
5294;4802
7441;9036
9378;3502
3850;6109
9912;4674
1113;1607
5109;4635
4216;2849
925;8516
1852;1570
3922;7996
632;2672
2734;8773
3674;8378
3428;6457
8964;6370
6323;3794
8677;3650
535;1945
7293;3250
4022;3965
1080;1724
6983;5237
8971;4133
6067;3989
2997;921
655;871
7214;6512
4889;1349
7630;2499
5045;40
6723;757
6578;7786
2161;1935
6260;8025
860;2193
7562;758
5233;8276
1491;8221
9257;3741
1989;8596
7407;1441
9903;9544
1699;3348
6808;200
8710;8692
992;1312
7928;6299
295;1177
9728;6587
3695;6172
8320;9017
740;7139
8012;3524
9414;6616
1715;1755
2515;284
1075;3844
1303;7658
6855;8648
2510;4624
7962;4460
2368;3641
968;4292
7693;8943
7832;1559
69;2324
8223;454
4741;7582
6718;7491
980;8381
1849;2295
4960;3962
6599;3266
815;4593
9248;1806
6145;4512
4019;892
8873;2385
7169;5813
1048;4610
4109;6203
5778;9011
1157;7315
1770;2326
4170;5611
6727;9172
9843;5989
4265;8120
6872;2495
8145;1576
7291;8669
905;3865
7145;3328
5991;2057
4342;2037
914;2383
4411;9342
8849;7225
4058;5660
9530;3717
2400;983
3562;5198
183;1029
9850;7061
7519;8050
2253;1585
7848;278
4870;172
6947;6614
2518;7260
1893;6155
8155;6417
5771;8323
4512;4322
6104;9156
6693;1136
3173;8854
5585;8230
8692;3585
8781;6249
5052;214
7039;6275
4714;2838
9067;2303
1705;2852
7346;2438
6696;6467
4467;8194
8667;3121
2204;1865
8389;7295
3923;8110
8848;3338
1741;7103
4769;4525
9367;500
6175;504
9788;3418
3491;8237
1642;7193
5170;1004
4907;2468
5235;9822
8918;5534
4794;1285
6169;5585
7932;8266
8457;6396
3835;4791
8200;8848
5361;8847
3266;9416
1672;8818
2926;9060
2974;6116
7725;5083
4876;7641
3310;7669
4104;1987
1763;4551
1253;9437
3925;9275
2412;6121
871;5131
3747;9434
8302;5873
2377;2338
221;484
4275;8267
6775;8964
3051;1050
5524;9555
2422;1565
8973;9726
6674;8426
8084;2452
7941;658
7221;3450
865;6231
5945;2663
9892;6966
8536;9955
3447;7137
7995;2449
7576;9273
2866;8791
1964;1092
8687;5121
8321;8332
7589;9365
4034;249
5983;1909
8361;6666
2729;6085
4;5998
5957;9857
2248;3280
6098;1378
5169;9543
8811;8175
5159;3589
3657;4225
8987;1729
1296;4869
2218;1692
9322;5283
5300;5856
1148;551
3851;455
9301;1095
7692;7531
2395;1638
4603;5602
1103;1469
6514;3300
1321;2235
6318;5860
8630;6403
3446;2560
7844;3892
346;1429
9045;2164
9389;9254
145;4708
8438;9556
6953;8023
2141;1653
8744;9233
7791;1628
538;6622
4950;750
240;8889
4526;3923
9;8255
4981;1541
8508;6021
9475;5193
5069;8751
8071;6223
9486;9755
9426;123
8715;1331
4663;4856
2736;6171
9218;312
5533;6695
1375;1699
5587;6823
1227;2647
4490;7505
9785;4938
7453;1959
8467;9001
5311;5246
9601;309
5929;928
7095;4602
9309;6893
8741;478
3665;4874
9275;6621
3379;2266
1439;7560
1107;3272
9135;5078
4437;5764
9210;7920
9713;2325
717;9845
4133;7212
9739;7629
5474;3159
6809;9004
4254;9220
7997;5047
1811;6876
2811;3384
4537;7458
6232;2364
1557;613
1836;7712
6969;5254
4826;3806
3572;9481
8604;9334
7147;7040
12;8959
1158;7521
7637;9647
4788;8768
1973;783
8576;4979
3645;3113
890;6639
5811;3622
4962;9072
4056;2234
2299;6608
6683;2940
3361;8499
9154;104
4423;2698
3574;8394
9716;480
5006;9155
3007;7613
7446;5940
3990;1569
1040;9419
6221;5729
4144;5517
27;190
707;9055
1501;7427
3328;2846
3660;4622
6410;5389
9928;2900
1783;8033
3519;2272
1888;931
8174;174
6072;7217
9674;9808
8392;1998
7759;3215
8690;1046
7266;3943
764;3679
6590;98
1129;6399
5204;7403
4010;8418
1181;3278
2318;1815
9879;5638
8785;1026
9313;2910
803;4185
6760;6494
1012;6882
8713;7319
3343;5972
2886;9699
7058;1094
6812;4768
7411;7331
2043;3715
4859;966
4924;5146
6299;9618
5453;4983
711;1194
2101;3627
6194;9174
3426;6794
3453;2705
643;1800
8830;2662
6679;1882
4751;1742
3761;2188
3397;880
8452;4677
9596;3087
6458;5127
7992;6840
6122;4043
3224;9343
3651;6795
1270;7296
8451;180
3629;5073
8198;6256
5207;6725
9217;5052
7866;531
3959;3143
3210;3983
2625;8492
8483;6604
9166;2805
5256;4314
808;8398
6266;1114
3336;9878
5171;6466
1072;9376
4823;612
9628;1197
6547;1923
3639;6420
8583;7699
1900;8326
3980;8602
4089;4369
1655;1420
8833;1225
5325;95
3483;7883
4521;2121
7719;1986
6948;876
1516;8412
6280;9163
670;6375
8063;4031
2789;5874
1753;746
2086;1346
5479;8401
1757;8518
8505;129
6688;9581
2867;1355
5795;385
1954;8265
4858;8484
6189;1540
7639;4370
1924;5516
9962;6849
8060;3262
5981;476
9890;9979
3517;4809
4972;755
1404;521
2549;3223
2910;4924
9100;765
4067;9641
1603;7316
7728;6782
3013;7595
1681;2137
1835;2620
3577;2102
9535;4742
527;6169
2701;7508
9439;689
2638;1549
6676;3246
3386;4188
9225;9146
9410;365
8599;8420
1105;6719
4416;2197
3294;3229
2153;3392
2493;5187
7;9823
8542;9095
4717;1523
5859;9503
9798;5530
1185;5
8150;2346
2469;6656
9803;633
421;597
6360;2041
3220;4210
9221;5236
414;8342
9178;4331
1343;8280
3477;7498
9129;2176
9119;7780
9936;2161
8350;2170
7810;3723
2301;7910
9583;2064
4934;901
944;6892
3417;8819
649;6044
55;3701
9460;9363
1817;9142
5540;6060
2970;5595
8217;3241
5134;5632
62;378
4047;1706
9370;3076
7863;1360
6240;4350
3234;7214
6523;2341
193;740
5310;8550
3707;8215
7983;8073
7143;9840
8796;1385
3544;6707
7867;3289
1657;546
5253;7627
3508;1311
334;3632
7634;8027
2446;3067
9286;8211
7978;6687
6589;9368
9976;6046
4685;9202
5928;6212
1423;6281
4477;1733
8445;7753
440;5179
164;7194
4881;7557
6825;9098
1031;4946
37;2533
5032;5947
3865;8595
2287;1991
7313;4238
7047;3342
2948;6233
9747;3221
1743;9547
23;9076
9934;8755
6687;9884
4532;9301
3304;481
1678;6685
751;7757
45;1596
2819;624
4692;9498
4780;5066
5422;9921
2205;7401
2713;4959
7093;1367
3238;9718
5488;5347
4727;1141
6469;3521
8909;919
6173;4472
8911;3442
1538;3361
6778;7881
4476;3694
9651;8863
7216;7142
2288;2089
6530;1263
1190;1904
4050;9347
6786;8877
4772;1012
3041;7253
6481;2844
4731;8808
9906;1614
7539;6247
8135;7151
9598;3497
5647;7913
1619;7837
1414;6929
9223;7288
988;6265
3926;3785
5992;2958
8512;4526
7287;9744
8704;3133
3319;8732
7041;323
1588;2729
7196;2496
8751;3722
6358;2359
5193;9625
7923;3466
3928;7205
3326;6313
4365;5865
5737;7424
9009;4088
1267;3526
6890;5834
190;3015
8005;7754
8617;9732
3759;144
7151;4694
960;4313
8443;1645
3852;8468
8776;1716
1726;7287
2545;2186
8565;2991
9722;1780
2370;1462
2336;7213
2965;805
2178;4713
4406;6957
9235;5257
5720;459
5319;9624
133;3185
723;8452
2801;8133
5317;349
2384;415
719;4651
4154;5019
351;3487
1980;7439
6063;8681
7054;2582
5216;427
9847;468
3863;4994
8627;2192
9991;7065
1335;7831
103;821
389;9728
6491;1335
8240;2650
1969;1406
2776;7244
3927;8206
7091;2675
2322;2632
7785;9550
5696;935
4387;460
8039;3541
1874;6792
1340;4915
8502;9468
2182;9898
3052;6446
6542;6544
8742;4288
3269;7825
6151;1303
2444;4242
6684;3060
4119;6473
9911;9520
2775;5159
9015;3041
2044;9610
2900;8015
1295;1142
8985;5911
6327;3248
6443;198
5614;5964
4331;9603
2761;6253
3064;3946
2264;666
7846;6767
5023;7125
6463;5183
8729;1445
1830;2758
9224;8185
391;4988
4152;1138
7360;7588
472;9586
3351;482
6719;5477
8755;105
4739;8128
7541;9853
5912;6648
4346;4933
2113;1439
7326;7929
6115;534
7888;3960
8775;7157
76;7659
571;1147
6732;4550
7003;8727
6846;6969
9918;8328
8875;8716
9627;5836
2051;5309
9733;9967
776;1581
2437;121
5807;4715
8726;7528
7451;3790
1242;2087
3538;2204
5774;243
5072;394
4895;9978
5046;2795
5455;4163
7471;6133
3058;449
5464;9686
9102;1375
3593;8934
6306;9947
9639;9883
5967;5229
8006;8554
6233;5064
8523;3766
5762;7291
9819;2522
2309;3572
2470;5298
1771;5029
7622;8932
5747;2610
5249;1696
3461;957
9926;9564
7402;2896
8547;2150
4176;9885
971;9320
5494;9014
6432;9463
6503;519
7956;7941
3837;1670
5808;7916
1035;6783
1709;7141
4652;330
5349;9305
9441;5879
3784;91
8819;4140
9157;8579
5692;4127
8944;2730
5263;9283
299;782
9246;7335
6148;9604
200;7477
9983;2231
791;5062
7448;2384
56;8828
660;2596
878;979
2428;2627
2698;2355
7908;6387
7754;2401
4563;5715
8425;5338
7544;2706
6389;4786
7691;3995
399;2639
9616;4207
997;6193
7076;1663
9163;9888
1618;2088
8459;977
6968;1350
4407;8130
5164;4391
5413;7221
1147;5837
7181;220
3907;9909
6640;4484
7483;1357
7484;4252
7893;9164
7560;2881
5871;4366
8426;4056
1982;8369
4720;9274
7989;2535
6412;1984
4013;2769
9392;5895
3026;4297
5408;1575
6960;6042
1399;5405
8767;8166
9408;1926
4159;6220
90;1122
3450;1534
8407;1396
370;2152
7488;1043
8895;771
8156;7590
5143;2311
3862;1949
2617;2615
1247;7815
8736;6003
2017;3773
2352;6542
5004;5399
1054;6742
7536;668
9813;3866
9826;9024
7670;5545
2647;7900
9343;4866
7226;3711
3472;6741
4791;6601
6995;968
4935;9938
2841;7480
8323;4892
842;4142
2487;9406
1057;7118
6090;3291
8874;4901
102;6706
1994;4155
583;3861
9867;5787
4396;3905
4637;9267
9574;4241
742;3108
6848;1057
4683;8327
7517;8039
9958;7002
8887;8208
1782;8414
9549;1531
5835;6159
1907;2700
5261;881
7083;742
8032;5390
3531;6412
3213;7746
9768;5411
8714;1025
1313;5709
8485;3129
7405;2054
7316;8231
6346;5373
768;498
4429;2027
4736;8419
5593;43
7468;7882
702;8331
2962;8853
8798;445
9518;9075
5607;906
3256;7598
5365;9875
1411;1983
1507;266
6291;649
1263;3467
6348;2982
2443;1006
3579;8242
695;1179
1359;8018
6238;8156
7827;4213
5690;8802
8369;3677
3451;1104
438;7682
9139;8902
5837;2120
8889;4926
2307;9787
7136;8224
5136;2223
7752;1538
1421;2512
6565;3903
2541;5845
7210;7008
1363;7517
9082;8628
8465;9523
8902;4748
9676;1808
5530;1856
4831;9033
6421;4291
9069;1623
4630;6225
6901;5607
493;4787
7633;971
8313;2474
7164;840
8894;2077
5769;5391
3211;6024
316;7001
7735;2039
806;6569
3338;7492
9078;1971
3847;5999
7839;509
9332;6502
7172;4036
7523;9611
4105;7342
7089;1072
3621;1010
2109;1572
3242;6429
6878;6001
7675;8335
762;7511
3227;9237
9434;8501
1397;36
3090;9325
9220;2398
2951;1916
8078;811
2624;1314
879;6729
5089;1126
9825;5239
7254;8480
4288;3601
1898;3699
8176;8486
364;1901
7282;9455
1278;829
3791;4009
2034;628
817;585
6019;9348
2921;1960
1364;6902
8522;2196
2653;2106
9483;1903
1738;1112
1318;903
3149;3083
298;5211
1498;3563
4670;9712
1885;6802
8345;8056
651;2179
1592;2801
1891;282
4337;2078
1445;8241
8143;2908
6500;2851
2082;1241
5993;2653
2121;789
3312;8780
9068;4825
2022;3461
1268;1082
7312;7894
7964;9494
2225;7188
843;9295
52;9506
1639;5431
6077;6284
8424;3610
7611;4632
922;3356
2699;7308
6618;1042
1021;7985
1420;6311
7033;8004
2675;560
8020;7923
6074;7031
7511;3800
4700;2459
1010;8966
4277;2661
1390;5841
6111;3395
7686;4985
3134;8403
7642;117
3553;6643
1948;3527
8080;5091
8570;9257
6845;8883
5850;7346
5856;2244
137;3460
1754;8099
3004;7009
245;7675
2148;322
2996;1005
3970;2036
804;3932
1297;9335
5617;1876
1200;2890
7569;767
3157;7347
9777;8766
5639;7306
5044;1067
637;3068
2010;7940
6054;1301
6482;7817
3226;5775
7438;9486
9359;3268
5853;9634
6798;4898
4762;7088
4443;4716
9705;9006
4758;3370
4166;409
1662;2687
4405;6140
2491;5483
3460;9021
4574;7175
2611;396
1131;326
8543;5092
1482;4844
5618;3201
2389;3216
4708;9198
39;1081
3437;7007
5404;6368
4695;2682
8684;8474
5305;9642
3137;7567
4299;2923
2398;1622
4292;6095
3776;2999
9998;8695
6331;1017
1189;185
7195;806
852;7338
3785;8598
8101;6789
1146;6272
7864;6721
4621;6182
357;4290
281;3314
2768;964
659;1863
3241;9027
1233;8169
7232;8084
6964;1831
3947;1132
3558;697
4729;1410
5142;1921
6254;3140
431;5847
1873;2421
4865;1372
4734;4934
2131;8080
119;5299
1451;3805
3057;6711
344;1726
7046;1185
8922;9785
6691;2110
8594;5868
2578;5412
318;7800
2569;9332
6801;1036
2600;8024
67;4727
2964;1886
3957;2351
3793;9201
1315;5903
2896;5659
1360;2794
2835;2972
1161;837
5411;7366
8752;9249
7543;2332
5019;7170
8588;646
2226;4958
1921;2694
745;5365
1044;3827
6437;2501
8595;563
6888;2422
5354;1014
5138;102
3709;9366
6201;4145
9597;3947
2145;5324
4523;1238
2627;7302
8284;4332
1648;2356
6923;8758
4046;1597
3263;8346
1336;4877
7070;8801
393;5645
837;7027
3765;2074
9126;1694
2096;3692
6045;9838
4087;3457
3918;9724
4474;7893
2405;1702
8693;1398
6196;9050
7251;6556
2206;2516
4024;2759
3140;5265
6677;2651
4193;8764
913;422
6776;1124
2730;7457
7156;8658
9980;5537
2233;1636
7829;5677
4125;7609
9758;8846
7579;4770
2971;1413
1953;3562
1443;7846
3327;7464
6337;9579
2195;5804
8154;2723
3415;347
8695;2059
9801;9601
4155;5802
9467;9277
4602;7876
6397;4918
2667;4179
7599;4122
3123;5005
7110;3099
1868;2928
4352;6855
7082;1107
5603;5460
3309;4016
4789;8061
2978;6434
4351;3528
6;1361
9776;4281
4134;9599
1134;9651
2459;1969
6519;1735
9932;3600
6420;2916
5946;4623
8209;1866
1418;9378
5982;6841
1269;67
1554;7639
9706;3796
4782;3559
1101;730
703;6652
3088;5141
2046;8001
4095;4596
819;1195
1724;7208
4101;6390
6586;5195
5598;4108
3940;4412
4220;1839
3616;8291
9159;2828
4582;7724
2922;818
3528;8089
7202;887
5040;1769
1392;1193
1845;6303
7118;2857
911;6289
8436;1712
7122;1689
8076;401
4142;7011
1789;5651
4504;8150
4983;9717
3822;4174
2975;6369
2666;3957
6156;2457
3366;4863
3103;9099
1539;9056
7849;9615
4597;9133
1779;3949
4183;2948
6527;7907
8647;9307
5591;3162
5527;641
4500;4002
8069;4630
5583;4704
9917;1938
8273;1791
2107;8892
631;570
434;5693
8252;6211
8456;6960
3151;2819
8766;1040
4664;5231
3293;5670
9787;7415
6353;7393
4450;1900
9027;28
2062;84
1682;1551
4253;4570
3908;3662
1030;5694
9744;856
9008;2043
4294;803
1298;704
6161;7547
3373;9351
5270;7955
345;5884
8724;2970
7342;4274
6105;1034
9036;4565
7472;9214
8275;7620
3967;908
6997;696
8721;5088
7653;5036
1869;3116
3110;6828
1522;6404
9612;4819
1052;2657
9306;6087
6243;8009
5273;9260
5511;6395
7146;6270
3683;6448
7087;3486
1348;9284
4653;6077
3986;437
5955;4858
5401;6938
5542;4788
8303;5963
6010;2173
7104;1721
9140;1060
405;7042
4569;2463
736;5033
9364;1997
2174;2397
9266;6976
8295;4711
8365;3814
7362;1496
3399;202
9347;9126
100;2406
3749;7400
2112;3110
9181;292
924;7535
834;6677
514;6194
7645;5513
938;1098
3498;8239
6666;4903
7207;217
3506;3765
1926;7370
4167;8562
3700;8119
5812;2113
4349;3371
3115;6250
6670;9645
4318;4580
7388;5374
5192;5488
8663;2360
4379;8219
8108;8487
3529;3499
7556;4497
3836;5370
4787;1325
8133;965
7131;6692
6864;6161
8105;3529
2514;9447
8440;5783
7292;366
1475;5219
9684;2898
6460;7646
469;2959
3034;3961
5761;7904
6298;2194
9092;7796
662;4573
782;4685
4260;29
2894;1125
5265;8347
6660;6688
8061;7751
1714;6342
8399;1487
5091;6651
2693;721
4378;2858
2026;1832
5858;8536
4420;7431
3539;595
2898;9278
2626;4890
4329;925
2227;1164
4195;4208
3094;3969
3687;9869
8248;1117
667;587
3658;63
5080;5500
1804;8259
3652;5331
78;7161
5478;3879
1301;4719
8520;3063
5794;7548
9010;2786
9097;9874
3271;1324
9940;4427
6357;8812
4080;6661
7963;9811
5375;488
7052;4310
236;3893
497;9880
9172;4270
3563;4540
7697;1674
122;3523
4767;1089
1055;1797
5827;9622
8412;6936
2902;1332
1261;8961
7627;1213
899;4024
1533;7057
1041;8954
7898;998
3670;7072
7382;463
9445;8429
6305;2887
7079;7867
1396;4941
256;6271
9999;1662
5378;2455
8357;7836
31;2932
8380;2611
1347;5734
2870;894
6048;4843
5857;407
436;5059
1082;1481
8803;3577
3576;8282
737;3733
4871;5455
4656;1492
5781;9384
2893;6580
6069;7472
6587;49
8182;4338
8138;669
7135;7246
2856;9980
5426;5266
4917;2308
9123;8354
3030;7117
8326;2198
9987;2925
6375;2634
718;959
7580;2841
7365;547
8961;5243
3370;392
7958;3220
9964;4527
4954;1930
359;5404
4143;5551
8990;2226
6187;3697
4028;6916
3946;6096
1332;3738
2505;2747
6505;5350
9764;9723
5147;165
5383;2169
2692;2103
7020;8618
7999;1470
1502;7580
1943;7016
4343;7262
8183;7564
839;1749
6131;6581
4401;5421
7353;4925
4564;2685
5943;1235
9200;3329
6653;4342
7060;2171
4357;4160
7343;6411
6957;5119
2468;2572
8160;8810
2054;6154
9267;6572
442;4444
9902;2969
2136;539
5820;8320
867;9758
1965;8093
4635;5448
1958;1545
81;1254
5555;8102
4506;6123
2914;4836
9818;4646
3153;4264
5829;5300
8912;3374
9626;31
3815;9040
1878;698
3138;5862
4258;9524
5315;7835
1496;8451
3481;1202
2460;8306
123;497
6600;8869
1471;9064
584;7499
8053;2884
5099;3618
234;37
3782;7052
8423;4964
3859;7186
8294;566
2199;7821
9661;9263
6591;5770
1988;9205
8404;3824
2850;1180
2426;3984
6938;7290
5863;1423
4184;2713
3176;6012
4681;9529
9180;3612
8846;8540
653;7790
429;747
5724;9359
712;6260
7474;2312
38;6176
6742;1746
3038;7454
8738;1205
5457;9105
1327;210
8079;303
8233;4201
6236;2210
638;4321
2091;5993
9717;1155
5571;4697
7912;8957
5517;7663
6768;7747
2973;883
2827;6900
5559;1608
3634;5687
9125;1911
8343;4943
2972;9426
7224;2104
6754;8841
7982;8850
1237;6903
3274;4173
894;6934
9871;1957
22;6391
5125;4676
3950;1993
3436;7383
5754;913
5932;8576
167;2878
6595;9682
4464;3472
5287;355
3097;4298
6428;7269
5481;4273
7607;7239
926;569
906;6335
9017;571
1978;403
6836;6238
790;6753
507;5315
2467;8096
3098;7969
7250;6948
9214;1128
4438;6388
9442;6858
6101;9661
7476;3975
3070;3205
9357;8117
6308;126
3944;3396
8747;8767
9748;1734
3459;5521
5590;9399
9298;4654
4713;5425
3997;3605
2154;6401
1466;1652
2333;2492
6933;3886
7847;2399
488;1687
8026;4422
5051;9939
5445;1454
8612;1299
7401;50
7361;6255
4240;501
6349;9269
9094;2004
7380;4757
3362;2488
2999;1892
4471;246
8175;3825
3017;4647
83;3082
8368;6240
4065;5676
2495;2799
8969;155
5449;244
8116;3045
8935;7173
7498;769
5290;168
2852;5922
4332;6952
6267;3377
2492;7104
9491;5956
627;7945
7557;694
492;1389
7271;1115
3408;1877
485;4013
7640;5761
7975;3802
5215;6930
1601;2439
943;9134
3073;405
3185;9029
1266;5720
435;6431
5616;6709
5740;3604
4885;7686
5228;8212
9513;607
3773;9522
5611;6261
9781;2743
6868;8925
9141;3999
7677;7340
9128;8264
4044;2388
3654;4307
4926;5084
1076;6675
3354;5711
9103;852
1841;5641
4156;6811
7133;9414
3413;4352
3904;1970
4749;9558
2634;7947
5970;3537
9185;5573
5513;8549
1431;4235
2774;8488
7311;9753
3264;2528
5264;5027
9145;1885
5485;8534
9570;4671
3818;3127
1352;280
7190;1187
374;3410
5209;7119
3879;3106
5222;4867
1403;9621
5548;5669
9510;2602
2268;2964
9829;9407
2222;166
9943;2280
910;7922
3155;9609
2036;2232
3475;260
8033;1327
4654;4594
4629;9786
6082;7108
4733;5021
6301;9559
1703;1681
9488;1414
3762;4089
7571;6591
4985;1048
5252;3149
995;3767
886;9196
2808;9059
9652;9074
2779;3743
7302;7760
3442;3939
5697;7942
9018;9904
5213;8126
1828;5741
9000;5909
6713;5145
7452;2517
3458;3350
4284;9526
3965;3158
8750;911
2474;5156
2475;511
451;2374
9905;193
452;9629
7704;306
9939;8434
2142;269
4600;6723
5041;211
2135;8566
4344;9192
5064;3070
138;3273
1947;588
774;6526
1621;3611
4274;458
4485;578
2137;1647
1168;2380
6796;251
1229;2403
2885;2765
261;1977
5406;6029
1580;831
3646;5375
6440;9872
5095;6610
9519;4118
6091;4908
606;2617
4185;8395
7445;4872
1060;8680
1037;7708
2636;8270
7077;552
5279;7130
1312;4076
8153;4605
3685;5134
4031;395
2052;8372
7915;6073
531;3777
7067;176
1981;5138
3537;6808
1114;294
5420;7292
1308;9139
8910;1781
7330;5679
4138;8294
8863;3417
3468;5076
3148;5439
2878;2185
2791;225
1011;2936
5730;2979
4235;7165
3062;5791
8307;263
1670;9383
812;3237
2905;377
1687;1657
8951;4728
5123;6158
2982;2207
4872;1944
600;1425
4367;9289
7588;4420
4642;1027
7253;9697
3733;7371
596;3112
8492;2917
2777;7562
6258;1317
3738;9829
9311;3693
6927;3315
2118;9183
5710;6747
8311;3704
7795;701
5612;7855
4515;3867
8509;8140
6160;910
4373;1601
270;267
9687;4790
679;3171
490;2785
2138;3403
1159;7690
2291;6442
8992;7487
4573;8355
2936;2973
5024;4655
7063;4564
7477;9380
7469;8159
986;5929
1934;3609
2074;1878
3595;3444
720;170
2682;9175
2521;1966
1087;5250
9382;8415
883;8511
8805;7756
1824;9789
7351;6423
9635;2182
6269;5385
4980;1475
1644;1099
6708;6125
5988;4582
2523;6511
4846;6124
5664;76
3006;8947
829;7791
6234;4754
7767;4649
441;7787
4111;8057
8982;9391
2742;5647
7708;823
5480;5524
5321;9323
3889;9517
7914;3176
8500;3907
8402;1899
727;6527
5158;9396
7159;6797
6446;869
5786;637
7814;751
9374;331
2917;2333
2214;1840
2310;7604
9457;4059
7620;8577
798;7668
7826;9199
3124;8011
1416;1296
7685;4320
9670;9398
628;5618
3514;88
6040;4097
9330;3596
5026;3203
858;9923
5636;2222
2557;2599
2621;8662
3250;8229
181;6009
875;5960
9022;5424
8605;1172
222;5918
328;8288
7796;4026
432;9597
9470;2924
1078;2792
818;7625
9591;4337
9600;9804
8635;9771
5156;5795
2013;9324
880;9179
1570;5058
3219;8095
2114;9154
5061;4914
8557;8977
8958;6156
3302;6975
6001;408
7566;1672
4320;9094
6085;6266
467;1846
1807;9180
9327;9833
3689;6662
4836;1071
6453;7326
7178;861
9840;9946
34;12
8434;3161
7199;5701
744;6752
1930;3921
2354;8655
991;9815
9422;5716
4905;7360
6931;7823
2593;3686
7280;4098
9521;1499
1202;8041
4577;3017
3443;9617
8360;6008
9972;1472
6730;6520
2157;2213
4137;4170
7081;8987
2727;1091
1428;6198
9755;5801
252;5099
8974;2589
7325;8055
7777;6394
